140747474550	-0.743134	-1.240540	-5.059276
140747474550	-0.634966	-1.350007	-5.063719
140747474550	-0.466828	-1.355993	-4.981390
140747474550	-0.528721	-1.421838	-5.144799
140747474550	-0.372902	-1.376416	-5.197968
140747474550	-0.374312	-1.265031	-5.343086
140747474550	-0.375384	-1.245029	-5.197023
140747474550	-0.216573	-1.290022	-5.186880
140747474550	-0.239194	-1.146579	-5.257749
140747474550	-0.305517	-1.027814	-5.261981
140747474550	-0.349578	-1.060389	-5.405245
140747474550	-0.355572	-1.206461	-5.483527
140747474550	-0.231538	-1.127154	-5.516383
140747474550	-0.142206	-1.129241	-5.663340
140747474550	-0.127264	-1.040793	-5.542312
140747474550	-0.202236	-0.927516	-5.439533
140747474550	-0.222928	-0.843316	-5.271393
140747474550	-0.079916	-0.778450	-5.194673
140747474550	-0.055370	-0.720591	-5.346525
140747474550	0.056930	-0.643145	-5.468348
140747474550	0.024471	-0.545385	-5.521553
140747474550	-0.073830	-0.516793	-5.362740
140747474550	-0.143605	-0.399746	-5.245945
140747474550	-0.290149	-0.388631	-5.132454
140747474550	-0.364450	-0.507207	-5.008073
140747474550	-0.372193	-0.478124	-4.911780
140747474550	-0.336667	-0.345937	-4.975319
140747474550	-0.442671	-0.383716	-4.863178
140747474550	-0.535395	-0.355197	-4.757857
140747474550	-0.466670	-0.228009	-4.651862
140747474550	-0.467673	-0.171883	-4.509138
140747474550	-0.306883	-0.206286	-4.548479
140747474550	-0.242498	-0.227982	-4.656870
140747474550	-0.282739	-0.340741	-4.731246
140747474550	-0.396306	-0.361824	-4.718393
140747474550	-0.330181	-0.484831	-4.629388
140747474550	-0.474736	-0.410684	-4.667422
140747474550	-0.502518	-0.539669	-4.532121
140747474550	-0.542661	-0.641305	-4.650164
140747474550	-0.650204	-0.553505	-4.620757
140747474550	-0.676248	-0.655670	-4.518037
140747474550	-0.783752	-0.790634	-4.452562
140747474550	-0.806411	-0.681871	-4.562818
140747474550	-0.778636	-0.535818	-4.535498
140747474550	-0.707432	-0.431451	-4.498328
140747474550	-0.700834	-0.303873	-4.610488
140747474550	-0.740597	-0.249787	-4.725965
140747474550	-0.642024	-0.194610	-4.799072
140747474550	-0.735072	-0.082397	-4.737364
140747474550	-0.860919	-0.071597	-4.680404
140747474550	-0.900783	0.008654	-4.844999
140747474550	-0.847764	0.169535	-4.906645
140747474550	-0.974323	0.241738	-4.792862
140747474550	-1.007738	0.361640	-4.684087
140747474550	-0.933928	0.235912	-4.700217
140747474550	-0.804476	0.243185	-4.732302
140747474550	-0.723553	0.357639	-4.843506
140747474550	-0.549822	0.396896	-4.868471
140747474550	-0.414807	0.399979	-4.807917
140747474550	-0.524402	0.419048	-4.689180
140747474550	-0.418263	0.438525	-4.615714
140747474550	-0.391900	0.601323	-4.563503
140747474550	-0.457946	0.612889	-4.683070
140747474550	-0.480624	0.553520	-4.571718
140747474550	-0.339850	0.515082	-4.672760
140747474550	-0.224681	0.395226	-4.587704
140747474550	-0.093177	0.423718	-4.655312
140747474550	0.008621	0.353474	-4.708043
140747474550	-0.018270	0.257591	-4.636081
140747474550	-0.016661	0.087640	-4.666726
140747474550	-0.113745	0.213513	-4.724671
140747474550	-0.184058	0.120130	-4.868778
140747474550	-0.247469	0.196604	-4.846498
140747474550	-0.148572	0.227145	-4.929068
140747474550	-0.045922	0.311267	-4.823959
140747474550	-0.115827	0.425256	-4.895398
140747474550	-0.093818	0.505604	-4.771099
140747474550	-0.149507	0.502167	-4.620594
140747474550	-0.200882	0.485842	-4.797443
140747474550	-0.114547	0.607386	-4.805499
140747474550	0.039572	0.509445	-4.795966
140747474550	0.120390	0.385083	-4.765849
140747474550	0.252827	0.276679	-4.748997
140747474550	0.234805	0.286952	-4.560895
140747474550	0.200192	0.244762	-4.650162
140747474550	0.138856	0.249852	-4.774983
140747474550	0.117075	0.080860	-4.705407
140747474550	0.163045	0.075187	-4.528870
140747474550	0.180799	0.039465	-4.358989
140747474550	0.004678	0.057080	-4.307320
140747474550	0.053647	0.179522	-4.358986
140747474550	0.186560	0.143850	-4.343075
140747474550	0.335850	0.129986	-4.306610
140747474550	0.267587	0.142198	-4.203361
140747474550	0.275289	0.243976	-4.069524
140747474550	0.398265	0.301995	-4.112965
140747474550	0.435041	0.202180	-4.019404
140747474550	0.558144	0.240432	-3.903378
140747474550	0.608739	0.322755	-3.764630
140747474550	0.474624	0.324998	-3.784740
140747474550	0.579986	0.311755	-3.641526
140747474550	0.752612	0.303742	-3.636215
140747474550	0.768510	0.320040	-3.468095
140747474550	0.695594	0.397042	-3.430384
140747474550	0.798761	0.477101	-3.540630
140747474550	0.896359	0.597379	-3.621778
140747474550	0.994637	0.753977	-3.660996
140747474550	1.073614	0.822352	-3.614640
140747474550	1.035990	0.920878	-3.621647
140747474550	1.154266	0.807387	-3.707855
140747474550	1.263958	0.737216	-3.744889
140747474550	1.321766	0.825714	-3.601240
140747474550	1.311608	0.987595	-3.551547
140747474550	1.219166	1.028477	-3.459602
140747474550	1.094808	1.084377	-3.516843
140747474550	1.019211	1.156366	-3.409735
140747474550	0.911638	1.201430	-3.472098
140747474550	0.854129	1.122135	-3.411201
140747474550	0.833437	1.024952	-3.272104
140747474550	0.967581	0.927568	-3.260906
140747474550	0.933724	0.759554	-3.181668
140747474550	0.864835	0.662830	-3.255139
140747474550	0.797260	0.557879	-3.363375
140747474550	0.871430	0.452839	-3.450627
140747474550	0.992918	0.355754	-3.425627
140747474550	1.062338	0.289389	-3.587366
140747474550	1.013950	0.230984	-3.465151
140747474550	0.995315	0.059395	-3.408716
