1 12.1992 0 0
1 12.1983 0.149703 0
1 12.1956 0.299384 0
1 12.191 0.44902 0
1 12.1845 0.598588 0
1 12.1763 0.748066 0
1 12.1662 0.897431 0
1 12.1542 1.04666 0
1 12.1405 1.19573 0
1 12.1249 1.34463 0
1 12.1075 1.49332 0
1 12.0882 1.64178 0
1 12.0672 1.79 0
1 12.0443 1.93795 0
1 12.0196 2.0856 0
1 11.9931 2.23295 0
1 11.9648 2.37995 0
1 11.9347 2.5266 0
1 11.9028 2.67287 0
1 11.8691 2.81873 0
1 11.8336 2.96417 0
1 11.7964 3.10916 0
1 11.7573 3.25369 0
1 11.7165 3.39772 0
1 11.6739 3.54125 0
1 11.6296 3.68424 0
1 11.5835 3.82667 0
1 11.5357 3.96853 0
1 11.4861 4.1098 0
1 11.4348 4.25044 0
1 11.3818 4.39044 0
1 11.3271 4.52978 0
1 11.2706 4.66844 0
1 11.2125 4.8064 0
1 11.1527 4.94363 0
1 11.0911 5.08012 0
1 11.028 5.21584 0
1 10.9631 5.35078 0
1 10.8966 5.48491 0
1 10.8285 5.61822 0
1 10.7588 5.75068 0
1 10.6874 5.88227 0
1 10.6144 6.01298 0
1 10.5398 6.14278 0
1 10.4636 6.27166 0
1 10.3859 6.39959 0
1 10.3066 6.52656 0
1 10.2257 6.65254 0
1 10.1433 6.77753 0
1 10.0594 6.90149 0
1 9.9739 7.02441 0
1 9.88695 7.14628 0
1 9.79851 7.26707 0
1 9.70859 7.38677 0
1 9.61722 7.50535 0
1 9.52439 7.6228 0
1 9.43013 7.73911 0
1 9.33445 7.85425 0
1 9.23736 7.9682 0
1 9.13888 8.08096 0
1 9.03903 8.1925 0
1 8.93782 8.30281 0
1 8.83525 8.41186 0
1 8.73136 8.51965 0
1 8.62616 8.62616 0
1 8.51965 8.73136 0
1 8.41186 8.83525 0
1 8.30281 8.93782 0
1 8.1925 9.03903 0
1 8.08096 9.13888 0
1 7.9682 9.23736 0
1 7.85425 9.33445 0
1 7.73911 9.43013 0
1 7.6228 9.52439 0
1 7.50535 9.61722 0
1 7.38677 9.70859 0
1 7.26707 9.79851 0
1 7.14628 9.88695 0
1 7.02441 9.9739 0
1 6.90149 10.0594 0
1 6.77753 10.1433 0
1 6.65254 10.2257 0
1 6.52656 10.3066 0
1 6.39959 10.3859 0
1 6.27166 10.4636 0
1 6.14278 10.5398 0
1 6.01298 10.6144 0
1 5.88227 10.6874 0
1 5.75068 10.7588 0
1 5.61822 10.8285 0
1 5.48491 10.8966 0
1 5.35078 10.9631 0
1 5.21584 11.028 0
1 5.08012 11.0911 0
1 4.94363 11.1527 0
1 4.8064 11.2125 0
1 4.66844 11.2706 0
1 4.52978 11.3271 0
1 4.39044 11.3818 0
1 4.25044 11.4348 0
1 4.1098 11.4861 0
1 3.96853 11.5357 0
1 3.82667 11.5835 0
1 3.68424 11.6296 0
1 3.54125 11.6739 0
1 3.39772 11.7165 0
1 3.25369 11.7573 0
1 3.10916 11.7964 0
1 2.96417 11.8336 0
1 2.81873 11.8691 0
1 2.67287 11.9028 0
1 2.5266 11.9347 0
1 2.37995 11.9648 0
1 2.23295 11.9931 0
1 2.0856 12.0196 0
1 1.93795 12.0443 0
1 1.79 12.0672 0
1 1.64178 12.0882 0
1 1.49332 12.1075 0
1 1.34463 12.1249 0
1 1.19573 12.1405 0
1 1.04666 12.1542 0
1 0.897431 12.1662 0
1 0.748066 12.1763 0
1 0.598588 12.1845 0
1 0.44902 12.191 0
1 0.299384 12.1956 0
1 0.149703 12.1983 0
1 2.18963e-08 12.1992 0
1 -0.149703 12.1983 0
1 -0.299384 12.1956 0
1 -0.44902 12.191 0
1 -0.598588 12.1845 0
1 -0.748066 12.1763 0
1 -0.897431 12.1662 0
1 -1.04666 12.1542 0
1 -1.19573 12.1405 0
1 -1.34463 12.1249 0
1 -1.49332 12.1075 0
1 -1.64178 12.0882 0
1 -1.79 12.0672 0
1 -1.93795 12.0443 0
1 -2.0856 12.0196 0
1 -2.23295 11.9931 0
1 -2.37995 11.9648 0
1 -2.5266 11.9347 0
1 -2.67287 11.9028 0
1 -2.81873 11.8691 0
1 -2.96417 11.8336 0
1 -3.10916 11.7964 0
1 -3.25369 11.7573 0
1 -3.39772 11.7165 0
1 -3.54125 11.6739 0
1 -3.68424 11.6296 0
1 -3.82667 11.5835 0
1 -3.96853 11.5357 0
1 -4.1098 11.4861 0
1 -4.25044 11.4348 0
1 -4.39044 11.3818 0
1 -4.52978 11.3271 0
1 -4.66844 11.2706 0
1 -4.8064 11.2125 0
1 -4.94363 11.1527 0
1 -5.08012 11.0911 0
1 -5.21584 11.028 0
1 -5.35078 10.9631 0
1 -5.48491 10.8966 0
1 -5.61822 10.8285 0
1 -5.75068 10.7588 0
1 -5.88227 10.6874 0
1 -6.01298 10.6144 0
1 -6.14278 10.5398 0
1 -6.27166 10.4636 0
1 -6.39959 10.3859 0
1 -6.52656 10.3066 0
1 -6.65254 10.2257 0
1 -6.77753 10.1433 0
1 -6.90149 10.0594 0
1 -7.02441 9.9739 0
1 -7.14628 9.88695 0
1 -7.26707 9.79851 0
1 -7.38677 9.70859 0
1 -7.50535 9.61722 0
1 -7.6228 9.52439 0
1 -7.73911 9.43013 0
1 -7.85425 9.33445 0
1 -7.9682 9.23736 0
1 -8.08096 9.13888 0
1 -8.1925 9.03903 0
1 -8.30281 8.93782 0
1 -8.41186 8.83525 0
1 -8.51965 8.73136 0
1 -8.62616 8.62616 0
1 -8.73136 8.51965 0
1 -8.83525 8.41186 0
1 -8.93782 8.30281 0
1 -9.03903 8.1925 0
1 -9.13888 8.08096 0
1 -9.23736 7.9682 0
1 -9.33445 7.85425 0
1 -9.43013 7.73911 0
1 -9.52439 7.6228 0
1 -9.61722 7.50535 0
1 -9.70859 7.38677 0
1 -9.79851 7.26707 0
1 -9.88695 7.14628 0
1 -9.9739 7.02441 0
1 -10.0594 6.90149 0
1 -10.1433 6.77753 0
1 -10.2257 6.65254 0
1 -10.3066 6.52656 0
1 -10.3859 6.39959 0
1 -10.4636 6.27166 0
1 -10.5398 6.14278 0
1 -10.6144 6.01298 0
1 -10.6874 5.88227 0
1 -10.7588 5.75068 0
1 -10.8285 5.61822 0
1 -10.8966 5.48491 0
1 -10.9631 5.35078 0
1 -11.028 5.21584 0
1 -11.0911 5.08012 0
1 -11.1527 4.94363 0
1 -11.2125 4.8064 0
1 -11.2706 4.66844 0
1 -11.3271 4.52978 0
1 -11.3818 4.39044 0
1 -11.4348 4.25044 0
1 -11.4861 4.1098 0
1 -11.5357 3.96853 0
1 -11.5835 3.82667 0
1 -11.6296 3.68424 0
1 -11.6739 3.54125 0
1 -11.7165 3.39772 0
1 -11.7573 3.25369 0
1 -11.7964 3.10916 0
1 -11.8336 2.96417 0
1 -11.8691 2.81873 0
1 -11.9028 2.67287 0
1 -11.9347 2.5266 0
1 -11.9648 2.37995 0
1 -11.9931 2.23295 0
1 -12.0196 2.0856 0
1 -12.0443 1.93795 0
1 -12.0672 1.79 0
1 -12.0882 1.64178 0
1 -12.1075 1.49332 0
1 -12.1249 1.34463 0
1 -12.1405 1.19573 0
1 -12.1542 1.04666 0
1 -12.1662 0.897431 0
1 -12.1763 0.748066 0
1 -12.1845 0.598588 0
1 -12.191 0.44902 0
1 -12.1956 0.299384 0
1 -12.1983 0.149703 0
1 -12.1992 4.37927e-08 0
1 -12.1983 -0.149703 0
1 -12.1956 -0.299384 0
1 -12.191 -0.44902 0
1 -12.1845 -0.598588 0
1 -12.1763 -0.748066 0
1 -12.1662 -0.897431 0
1 -12.1542 -1.04666 0
1 -12.1405 -1.19573 0
1 -12.1249 -1.34463 0
1 -12.1075 -1.49332 0
1 -12.0882 -1.64178 0
1 -12.0672 -1.79 0
1 -12.0443 -1.93795 0
1 -12.0196 -2.0856 0
1 -11.9931 -2.23294 0
1 -11.9648 -2.37995 0
1 -11.9347 -2.5266 0
1 -11.9028 -2.67287 0
1 -11.8691 -2.81873 0
1 -11.8336 -2.96417 0
1 -11.7964 -3.10916 0
1 -11.7573 -3.25369 0
1 -11.7165 -3.39772 0
1 -11.6739 -3.54125 0
1 -11.6296 -3.68424 0
1 -11.5835 -3.82667 0
1 -11.5357 -3.96853 0
1 -11.4861 -4.1098 0
1 -11.4348 -4.25044 0
1 -11.3818 -4.39044 0
1 -11.3271 -4.52978 0
1 -11.2706 -4.66844 0
1 -11.2125 -4.8064 0
1 -11.1527 -4.94363 0
1 -11.0911 -5.08012 0
1 -11.028 -5.21584 0
1 -10.9631 -5.35078 0
1 -10.8966 -5.48491 0
1 -10.8285 -5.61822 0
1 -10.7588 -5.75068 0
1 -10.6874 -5.88227 0
1 -10.6144 -6.01298 0
1 -10.5398 -6.14278 0
1 -10.4636 -6.27166 0
1 -10.3859 -6.39959 0
1 -10.3066 -6.52656 0
1 -10.2257 -6.65254 0
1 -10.1433 -6.77753 0
1 -10.0594 -6.90149 0
1 -9.9739 -7.02441 0
1 -9.88695 -7.14628 0
1 -9.79851 -7.26707 0
1 -9.70859 -7.38677 0
1 -9.61722 -7.50535 0
1 -9.52439 -7.6228 0
1 -9.43013 -7.73911 0
1 -9.33445 -7.85425 0
1 -9.23736 -7.9682 0
1 -9.13888 -8.08096 0
1 -9.03903 -8.1925 0
1 -8.93782 -8.30281 0
1 -8.83525 -8.41186 0
1 -8.73136 -8.51965 0
1 -8.62616 -8.62616 0
1 -8.51965 -8.73136 0
1 -8.41186 -8.83525 0
1 -8.30281 -8.93782 0
1 -8.1925 -9.03903 0
1 -8.08096 -9.13888 0
1 -7.9682 -9.23736 0
1 -7.85425 -9.33445 0
1 -7.73911 -9.43013 0
1 -7.6228 -9.52439 0
1 -7.50535 -9.61722 0
1 -7.38677 -9.70859 0
1 -7.26707 -9.79851 0
1 -7.14628 -9.88695 0
1 -7.02441 -9.9739 0
1 -6.90149 -10.0594 0
1 -6.77753 -10.1433 0
1 -6.65254 -10.2257 0
1 -6.52656 -10.3066 0
1 -6.39959 -10.3859 0
1 -6.27166 -10.4636 0
1 -6.14278 -10.5398 0
1 -6.01298 -10.6144 0
1 -5.88227 -10.6874 0
1 -5.75068 -10.7588 0
1 -5.61822 -10.8285 0
1 -5.48491 -10.8966 0
1 -5.35078 -10.9631 0
1 -5.21584 -11.028 0
1 -5.08012 -11.0911 0
1 -4.94363 -11.1527 0
1 -4.8064 -11.2125 0
1 -4.66844 -11.2706 0
1 -4.52978 -11.3271 0
1 -4.39044 -11.3818 0
1 -4.25044 -11.4348 0
1 -4.1098 -11.4861 0
1 -3.96853 -11.5357 0
1 -3.82667 -11.5835 0
1 -3.68424 -11.6296 0
1 -3.54125 -11.6739 0
1 -3.39772 -11.7165 0
1 -3.25369 -11.7573 0
1 -3.10916 -11.7964 0
1 -2.96417 -11.8336 0
1 -2.81873 -11.8691 0
1 -2.67287 -11.9028 0
1 -2.5266 -11.9347 0
1 -2.37995 -11.9648 0
1 -2.23295 -11.9931 0
1 -2.0856 -12.0196 0
1 -1.93795 -12.0443 0
1 -1.79 -12.0672 0
1 -1.64178 -12.0882 0
1 -1.49332 -12.1075 0
1 -1.34463 -12.1249 0
1 -1.19573 -12.1405 0
1 -1.04666 -12.1542 0
1 -0.897431 -12.1662 0
1 -0.748066 -12.1763 0
1 -0.598588 -12.1845 0
1 -0.44902 -12.191 0
1 -0.299384 -12.1956 0
1 -0.149703 -12.1983 0
1 -6.5689e-08 -12.1992 0
1 0.149703 -12.1983 0
1 0.299384 -12.1956 0
1 0.44902 -12.191 0
1 0.598588 -12.1845 0
1 0.748065 -12.1763 0
1 0.897431 -12.1662 0
1 1.04666 -12.1542 0
1 1.19573 -12.1405 0
1 1.34463 -12.1249 0
1 1.49332 -12.1075 0
1 1.64178 -12.0882 0
1 1.79 -12.0672 0
1 1.93795 -12.0443 0
1 2.0856 -12.0196 0
1 2.23294 -11.9931 0
1 2.37995 -11.9648 0
1 2.5266 -11.9347 0
1 2.67287 -11.9028 0
1 2.81873 -11.8691 0
1 2.96417 -11.8336 0
1 3.10916 -11.7964 0
1 3.25369 -11.7573 0
1 3.39772 -11.7165 0
1 3.54125 -11.6739 0
1 3.68424 -11.6296 0
1 3.82667 -11.5835 0
1 3.96853 -11.5357 0
1 4.1098 -11.4861 0
1 4.25044 -11.4348 0
1 4.39044 -11.3818 0
1 4.52978 -11.3271 0
1 4.66844 -11.2706 0
1 4.8064 -11.2125 0
1 4.94363 -11.1527 0
1 5.08012 -11.0911 0
1 5.21584 -11.028 0
1 5.35078 -10.9631 0
1 5.48491 -10.8966 0
1 5.61822 -10.8285 0
1 5.75068 -10.7588 0
1 5.88227 -10.6874 0
1 6.01298 -10.6144 0
1 6.14278 -10.5398 0
1 6.27166 -10.4636 0
1 6.39959 -10.3859 0
1 6.52656 -10.3066 0
1 6.65254 -10.2257 0
1 6.77753 -10.1433 0
1 6.90149 -10.0594 0
1 7.02441 -9.9739 0
1 7.14628 -9.88695 0
1 7.26707 -9.79851 0
1 7.38677 -9.70859 0
1 7.50535 -9.61722 0
1 7.6228 -9.52439 0
1 7.73911 -9.43013 0
1 7.85425 -9.33445 0
1 7.9682 -9.23736 0
1 8.08096 -9.13888 0
1 8.1925 -9.03903 0
1 8.30281 -8.93782 0
1 8.41186 -8.83525 0
1 8.51965 -8.73136 0
1 8.62616 -8.62616 0
1 8.73136 -8.51965 0
1 8.83525 -8.41186 0
1 8.93782 -8.30281 0
1 9.03903 -8.1925 0
1 9.13888 -8.08096 0
1 9.23736 -7.9682 0
1 9.33445 -7.85425 0
1 9.43013 -7.73911 0
1 9.52439 -7.6228 0
1 9.61722 -7.50535 0
1 9.70859 -7.38677 0
1 9.79851 -7.26707 0
1 9.88695 -7.14628 0
1 9.9739 -7.02441 0
1 10.0594 -6.90149 0
1 10.1433 -6.77753 0
1 10.2257 -6.65254 0
1 10.3066 -6.52656 0
1 10.3859 -6.39959 0
1 10.4636 -6.27166 0
1 10.5398 -6.14278 0
1 10.6144 -6.01298 0
1 10.6874 -5.88227 0
1 10.7588 -5.75068 0
1 10.8285 -5.61822 0
1 10.8966 -5.48491 0
1 10.9631 -5.35078 0
1 11.028 -5.21584 0
1 11.0911 -5.08012 0
1 11.1527 -4.94363 0
1 11.2125 -4.8064 0
1 11.2706 -4.66844 0
1 11.3271 -4.52978 0
1 11.3818 -4.39044 0
1 11.4348 -4.25044 0
1 11.4861 -4.1098 0
1 11.5357 -3.96853 0
1 11.5835 -3.82667 0
1 11.6296 -3.68424 0
1 11.6739 -3.54125 0
1 11.7165 -3.39772 0
1 11.7573 -3.25369 0
1 11.7964 -3.10916 0
1 11.8336 -2.96417 0
1 11.8691 -2.81873 0
1 11.9028 -2.67287 0
1 11.9347 -2.5266 0
1 11.9648 -2.37995 0
1 11.9931 -2.23295 0
1 12.0196 -2.0856 0
1 12.0443 -1.93795 0
1 12.0672 -1.79 0
1 12.0882 -1.64178 0
1 12.1075 -1.49332 0
1 12.1249 -1.34463 0
1 12.1405 -1.19573 0
1 12.1542 -1.04666 0
1 12.1662 -0.897431 0
1 12.1763 -0.748066 0
1 12.1845 -0.598588 0
1 12.191 -0.44902 0
1 12.1956 -0.299384 0
1 12.1983 -0.149703 0
1 12.1992 -8.75854e-08 0
