26413629441	0.0296273511	-0.0023149978	-0.0183100849
26413629441	0.0189415701	0.0525920615	-0.0223134663
26413629441	0.0706032813	0.0516424626	-0.0178424623
26413629441	0.1130542979	0.0655333400	0.0078740306
26413629441	0.1063567176	0.0818120316	-0.0437577255
26413629441	0.0613359846	0.0721340626	-0.0753646344
26413629441	0.0827593356	0.0480552316	-0.0862115771
26413629441	0.1132895648	0.0172668099	-0.0794569254
26413629441	0.1169059053	0.0455326922	-0.1117031723
26413629441	0.1438684911	0.0212954506	-0.0873194039
26413629441	0.1077161878	-0.0045333197	-0.0571992956
26413629441	0.0802128911	0.0189420059	-0.0770276785
26413629441	0.0987719819	-0.0080853393	-0.0926579237
26413629441	0.0610784963	-0.0043191696	-0.1152447462
26413629441	0.0168685280	-0.0113820517	-0.0805574507
26413629441	-0.0089413673	-0.0072007133	-0.0724002570
26413629441	-0.0210977774	-0.0116621079	-0.0206864476
26413629441	-0.0035068402	-0.0458443686	-0.0221935492
26413629441	-0.0081570558	-0.0936261788	-0.0250323471
26413629441	-0.0017373053	-0.1036273837	-0.0563608333
26413629441	-0.0467679240	-0.1357066333	-0.0470240600
26413629441	-0.0306344088	-0.0887906253	-0.0565757640
26413629441	-0.0224924050	-0.0923489928	-0.1101129353
26413629441	-0.0115502737	-0.1039031073	-0.0819410980
26413629441	0.0145329973	-0.1160892770	-0.1082733870
26413629441	0.0362909921	-0.1006250158	-0.1194511503
26413629441	0.0498857535	-0.0656600371	-0.1468986869
26413629441	0.0175404176	-0.0458265319	-0.1254471987
26413629441	-0.0207360685	-0.0830855295	-0.1447620392
26413629441	0.0070179938	-0.0806095451	-0.1175961643
26413629441	0.0250366274	-0.0320898928	-0.0967357904
26413629441	0.0367662758	-0.0308709145	-0.0716374964
26413629441	-0.0082869418	-0.0194861256	-0.0481640175
26413629441	-0.0494197011	-0.0015966771	-0.0299213901
26413629441	-0.0248416997	0.0171471629	-0.0707486570
26413629441	-0.0528851412	0.0174517892	-0.1067226976
26413629441	-0.0626009032	0.0220320523	-0.1498632133
26413629441	-0.0241704397	0.0115807690	-0.1091711819
26413629441	-0.0532764941	-0.0290515311	-0.1206215620
26413629441	-0.0215258449	-0.0374933593	-0.1361909807
26413629441	-0.0526070297	-0.0568316244	-0.1329947561
26413629441	-0.0291499011	-0.0114299702	-0.1295466721
26413629441	-0.0020955433	0.0285938382	-0.1211850643
26413629441	-0.0060600601	0.0775765553	-0.0965807438
26413629441	-0.0464606769	0.0400273949	-0.0872694999
26413629441	-0.0711083710	0.0569299720	-0.0735602081
26413629441	-0.0831351131	0.0136513794	-0.0604944155
26413629441	-0.0619138032	0.0426636226	-0.0491565056
26413629441	-0.0200727787	0.0101574389	-0.0414528064
26413629441	-0.0319607072	0.0148479370	-0.0052252891
26413629441	-0.0579509847	0.0591420792	0.0179069489
26413629441	-0.0802326649	0.0385358334	0.0042318786
26413629441	-0.1049258187	0.0224656463	0.0331354327
26413629441	-0.1100043952	0.0247429311	0.0763918906
26413629441	-0.1606491953	0.0399688594	0.0644873679
26413629441	-0.1445134729	0.0642169937	0.0604141913
26413629441	-0.1076135859	0.0533763915	0.0585077889
26413629441	-0.1376873553	0.0467238165	0.0324404687
26413629441	-0.1063901708	0.0535283051	0.0207641963
26413629441	-0.0784881860	0.0495843738	0.0333885960
26413629441	-0.0827846974	0.0971484408	0.0283751003
26413629441	-0.0652555451	0.1073784083	0.0091173798
26413629441	-0.0374281295	0.1072199792	-0.0140030123
26413629441	-0.0283607580	0.0797958672	-0.0137869660
26413629441	-0.0290636681	0.0340230949	-0.0254522376
26413629441	0.0077260560	0.0122323986	-0.0619384162
26413629441	0.0089114010	0.0207496397	-0.0926382095
26413629441	0.0607322603	0.0320614278	-0.1027128696
26413629441	0.0152195711	0.0550321862	-0.0781467408
26413629441	0.0420661457	0.0630130172	-0.0931970924
26413629441	0.0251918696	0.0856612921	-0.0813866854
26413629441	-0.0194756165	0.0698977709	-0.0609790646
26413629441	-0.0242987834	0.0984561071	-0.0760607868
26413629441	-0.0455243140	0.0726586357	-0.0496103503
26413629441	-0.0663571656	0.0932012051	-0.0742878169
26413629441	-0.0744302347	0.0509034060	-0.1009865254
26413629441	-0.1050023288	0.0803346857	-0.1053533107
26413629441	-0.1004239693	0.0288541615	-0.0862648040
26413629441	-0.0985081717	0.0478503294	-0.0570083149
26413629441	-0.0775888488	0.0013647387	-0.0345864967
26413629441	-0.0665507540	-0.0318611525	-0.0410827957
26413629441	-0.0632478520	0.0041396734	0.0009656493
26413629441	-0.0827426538	-0.0087525444	0.0446862020
26413629441	-0.1037233844	-0.0356597751	0.0167172272
26413629441	-0.1409631968	-0.0509172864	-0.0221323539
26413629441	-0.1305172741	-0.0511683486	-0.0607921705
26413629441	-0.1780872047	-0.0621648394	-0.0802924186
26413629441	-0.1550924033	-0.0632977635	-0.0588204600
26413629441	-0.1336269081	-0.0889103040	-0.0661187023
26413629441	-0.1088601202	-0.0888040438	-0.0885368586
26413629441	-0.0738393366	-0.1147967577	-0.0817390382
26413629441	-0.0902154744	-0.0944290757	-0.1074074358
26413629441	-0.0477008969	-0.1085801646	-0.1081583202
26413629441	-0.0611332618	-0.0749160498	-0.1021903008
26413629441	-0.0758150145	-0.0390008986	-0.1088071316
26413629441	-0.0552587621	-0.0458650738	-0.0810156018
26413629441	-0.0351443775	-0.0314415284	-0.0347027443
26413629441	-0.0411416404	-0.0656072870	0.0072112288
26413629441	-0.0292699151	-0.1054477766	0.0346352421
26413629441	0.0040721628	-0.1435247809	0.0535949245
26413629441	0.0258351453	-0.1596036553	0.0477823429
26413629441	0.0479884222	-0.1109302863	0.0586180054
26413629441	0.0498448350	-0.1558988243	0.0242835321
26413629441	0.0838456675	-0.1643831134	0.0628269315
26413629441	0.0960892439	-0.1309011132	0.0388254076
26413629441	0.0648425892	-0.1320244819	0.0445861667
26413629441	0.1019165218	-0.1055526733	0.0665707737
26413629441	0.0871363580	-0.1008484885	0.0187189467
26413629441	0.0655904338	-0.1010975465	-0.0194213260
26413629441	0.0307738669	-0.1230099127	-0.0537482798
26413629441	0.0566884242	-0.0886123553	-0.0463298671
26413629441	0.0385877378	-0.0507303290	-0.0209994614
26413629441	0.0054138694	-0.0148961497	-0.0125247231
26413629441	-0.0187065583	-0.0345264561	0.0003050766
26413629441	0.0000183658	-0.0808963850	0.0185482372
26413629441	0.0290038325	-0.0953622386	0.0440091379
26413629441	0.0219320953	-0.1157512516	0.0664092898
26413629441	0.0512399264	-0.0922703072	0.0906352401
26413629441	0.0352012105	-0.0994676203	0.1114066392
26413629441	0.0252756886	-0.0830466375	0.1383207291
26413629441	-0.0166635737	-0.1015068442	0.1256204993
26413629441	0.0029448527	-0.0600305684	0.1187527031
26413629441	-0.0090818331	-0.0672709569	0.1688447446
26413629441	-0.0326395370	-0.0479372665	0.1638493091
26413629441	0.0167211071	-0.0297995880	0.1462238282
26413629441	0.0397275612	-0.0388318226	0.1265523285
26413629441	0.0505543239	-0.0367973410	0.0956985801
26413629441	0.0420398638	-0.0222857147	0.0586117096
26413629441	0.0328639857	-0.0078503592	0.0105094165
26413629441	0.0284676868	0.0482483469	0.0096680243
26413629441	0.0161695331	0.0671687797	0.0601437129
26413629441	0.0022812448	0.0888997614	0.1091809273
26413629441	-0.0157918483	0.1137287915	0.0663599372
26413629441	-0.0636255369	0.0873653442	0.0670428276
26413629441	-0.0770891756	0.1134638414	0.0494682230
26413629441	-0.1120797396	0.1041054279	0.0397161730
26413629441	-0.1300277859	0.0891624913	0.0545851626
26413629441	-0.0981276482	0.1291469038	0.0409431085
26413629441	-0.1066055968	0.1380998641	0.0723747313
26413629441	-0.0933442265	0.0992991552	0.1019726098
26413629441	-0.0910752118	0.0486699082	0.1210111082
26413629441	-0.0843706578	0.0679389313	0.0929912329
26413629441	-0.0535760187	0.0791758895	0.1053093374
26413629441	-0.0482045971	0.0647568479	0.0586239733
26413629441	-0.0556744933	0.0309914872	0.0151485186
26413629441	-0.0441203713	-0.0038558664	0.0250609145
26413629441	-0.0801124126	0.0157960467	0.0208078511
26413629441	-0.1172881946	0.0295684189	0.0010103919
26413629441	-0.1313039362	0.0247543454	0.0543279834
26413629441	-0.1329506338	0.0076962439	0.1027343720
26413629441	-0.1348293573	0.0344851576	0.0895934254
26413629441	-0.1119205207	-0.0101982011	0.1146887690
26413629441	-0.0900311917	-0.0190975033	0.0977187604
26413629441	-0.0920051634	-0.0476572141	0.1090316772
26413629441	-0.1122360528	-0.0046879901	0.0813448876
26413629441	-0.1172522455	-0.0501938798	0.0477966033
26413629441	-0.1377963275	-0.0310662575	0.0275037140
26413629441	-0.1664170623	-0.0395446569	-0.0060312017
26413629441	-0.1341547370	-0.0286181197	-0.0033241040
26413629441	-0.1025165021	-0.0338314734	-0.0114084277
26413629441	-0.0688554794	-0.0284748897	0.0147927552
26413629441	-0.0376813561	-0.0401958786	0.0202614609
26413629441	-0.0623083897	-0.0332988016	0.0473380424
26413629441	-0.0896731913	-0.0665254146	0.0671940744
26413629441	-0.0897771567	-0.0403303951	0.0419564955
26413629441	-0.0532520898	-0.0074872999	0.0582496338
26413629441	-0.0843369141	0.0024350705	0.0749422312
26413629441	-0.0610576235	0.0447492413	0.1029179692
26413629441	-0.0758858323	0.0506931543	0.0671955347
26413629441	-0.0266035125	0.0393019021	0.0606545545
26413629441	-0.0074046063	0.0399204157	0.1139445454
26413629441	-0.0096595632	-0.0107459771	0.1349177659
26413629441	-0.0314934291	-0.0251678340	0.1064926088
26413629441	-0.0033075996	-0.0293232761	0.1122873276
26413629441	0.0037646438	-0.0093381917	0.0816368908
26413629441	-0.0126067931	-0.0378835388	0.0754654258
26413629441	-0.0212869607	-0.0225445032	0.0334005505
26413629441	-0.0134761520	-0.0611819215	0.0011788830
26413629441	-0.0051781083	-0.1048390418	0.0020501763
26413629441	-0.0394084267	-0.1376644969	0.0227596611
26413629441	-0.0707316026	-0.1637168825	0.0197318383
26413629441	-0.0861524865	-0.1828580052	-0.0040867976
26413629441	-0.0875042975	-0.1520781964	-0.0012005167
26413629441	-0.0959741548	-0.1562423557	0.0311844163
26413629441	-0.1120457500	-0.1068609804	0.0079603661
26413629441	-0.0733034462	-0.1306348592	-0.0132387951
26413629441	-0.1139343157	-0.1534897089	-0.0415576212
26413629441	-0.0858798251	-0.1566616297	-0.0452054180
26413629441	-0.0568533726	-0.1645565331	-0.0492001213
26413629441	-0.0673256665	-0.1853144169	-0.0274961665
26413629441	-0.0476166047	-0.1441149712	-0.0148697123
26413629441	-0.0339913145	-0.0917919353	0.0028599566
26413629441	-0.0353243835	-0.0615592487	-0.0198732615
26413629441	-0.0263976865	-0.0537149459	-0.0486714840
26413629441	0.0077236122	-0.0544074811	-0.0796068013
26413629441	0.0395310372	-0.0645085871	-0.1194013059
26413629441	-0.0053158393	-0.0393940993	-0.1034111679
26413629441	0.0141664334	-0.0106226439	-0.1330989897
26413629441	0.0425853282	0.0260691568	-0.1309275776
26413629441	0.0040210579	-0.0050823586	-0.1056244224
26413629441	-0.0349099711	-0.0155636994	-0.0929914117
26413629441	-0.0228967443	-0.0383145884	-0.0788346678
26413629441	-0.0324619710	-0.0542355888	-0.1054290384
26413629441	-0.0169450063	-0.0646917745	-0.1250978559
26413629441	-0.0236288663	-0.0670683458	-0.0755574256
26413629441	0.0167767368	-0.0832455084	-0.0923198611
26413629441	-0.0004648966	-0.0771822855	-0.0651418418
26413629441	0.0126893017	-0.0494762212	-0.0452676155
26413629441	0.0090277828	0.0001670513	-0.0374500938
26413629441	0.0627441928	0.0141992373	-0.0247015543
26413629441	0.0751257315	-0.0150318062	-0.0055756513
26413629441	0.1178038940	-0.0132899107	-0.0251561534
26413629441	0.1355545670	0.0052811122	-0.0521579199
26413629441	0.1250914782	-0.0268895365	-0.0807875097
26413629441	0.1049784720	-0.0243796334	-0.1175663024
26413629441	0.1138511598	-0.0470357239	-0.1010372937
26413629441	0.1585235149	-0.0658430234	-0.0891313106
26413629441	0.1534527391	-0.0419930778	-0.0484021269
26413629441	0.1519077122	-0.0491137467	-0.0075130141
26413629441	0.1319073141	-0.0746978968	0.0169821512
26413629441	0.1552832574	-0.0876885578	0.0085822772
26413629441	0.1146370023	-0.0854635909	0.0397174098
26413629441	0.0633244514	-0.0768636540	0.0616920553
26413629441	0.0197087582	-0.0669393390	0.0365701951
26413629441	-0.0050209742	-0.0453532822	0.0331353359
26413629441	0.0052996818	0.0070732897	0.0165515132
26413629441	0.0032760245	0.0292909555	0.0579633825
26413629441	-0.0062943706	0.0044792751	0.1028390527
26413629441	-0.0330417641	0.0264984444	0.0963806808
26413629441	-0.0620533898	0.0213106424	0.0788429379
26413629441	-0.0564529710	0.0185814109	0.1157301366
26413629441	-0.0699661002	0.0377332680	0.1659270972
26413629441	-0.0999013782	0.0136735020	0.1943932474
26413629441	-0.1219266951	-0.0238646418	0.2169828117
26413629441	-0.1076779366	-0.0129435798	0.1692714095
26413629441	-0.0676298067	-0.0157484114	0.1338366866
26413629441	-0.0622741468	-0.0343615301	0.1016335189
26413629441	-0.0415337980	-0.0029610340	0.0920434147
26413629441	-0.0853980780	0.0177307706	0.0992869884
26413629441	-0.0626646280	0.0212050304	0.0493399426
26413629441	-0.0187549517	0.0224665068	0.0183782447
26413629441	0.0183123089	0.0210488215	-0.0057612476
26413629441	-0.0134476554	0.0635162964	0.0147817973
26413629441	-0.0399127416	0.1127762794	0.0176686049
26413629441	-0.0076099425	0.1006473601	-0.0055876710
26413629441	-0.0225009695	0.1296353787	0.0034528151
26413629441	-0.0225937422	0.1325338036	-0.0388107412
26413629441	-0.0057978681	0.1087862775	-0.0347032323
26413629441	-0.0070620878	0.1587435305	-0.0329406038
26413629441	0.0199183412	0.1634125113	-0.0221167877
26413629441	0.0348561928	0.1440481246	-0.0711095035
26413629441	0.0479480773	0.0943308398	-0.0641532540
26413629441	0.0272993408	0.0673713386	-0.0485711023
26413629441	0.0222807024	0.1173426434	-0.0220379606
26413629441	0.0420431867	0.0663180202	-0.0146747902
26413629441	0.0022085509	0.0525395460	-0.0498611704
26413629441	-0.0061870916	0.0125977052	-0.0146400658
26413629441	0.0300423708	0.0217200555	-0.0413715281
26413629441	0.0778732225	0.0377140120	-0.0543672778
26413629441	0.0402243063	0.0132618099	-0.0764116794
26413629441	0.0344078429	0.0020153276	-0.1080122739
26413629441	0.0529651716	-0.0314712413	-0.1056742072
26413629441	0.0518608764	-0.0842547193	-0.1007810980
26413629441	0.0703411475	-0.0745704472	-0.0734197050
26413629441	0.0962715000	-0.0530701578	-0.0750575960
26413629441	0.1022303179	-0.0630137175	-0.0376640297
26413629441	0.0741348490	-0.0606434159	-0.0495851673
26413629441	0.0665567517	-0.0449865013	-0.0768408477
26413629441	0.0431681648	-0.0547651239	-0.0910364538
26413629441	0.0798325539	-0.0581966080	-0.0970092565
26413629441	0.0352266394	-0.0645562559	-0.0642977208
26413629441	0.0529907458	-0.0341918394	-0.0421488993
26413629441	0.0334486105	-0.0348527841	0.0006335769
26413629441	0.0288226772	-0.0327461250	0.0304004177
26413629441	0.0461046845	-0.0489106774	0.0475689135
26413629441	0.0256934408	0.0005423957	0.0652771592
26413629441	0.0386760645	0.0426058993	0.0647531152
26413629441	0.0207241215	0.0074642897	0.1045287699
26413629441	0.0099802306	0.0090869972	0.1304454654
26413629441	0.0187566895	-0.0035262434	0.1563279033
26413629441	0.0655969903	0.0002184641	0.1786964089
26413629441	0.0414578319	0.0072260862	0.1425251365
26413629441	0.0059490553	0.0496317036	0.1463416517
26413629441	0.0068571996	0.0824913085	0.1562565565
26413629441	-0.0415233411	0.0620462261	0.1344583035
26413629441	-0.0209882837	0.0187317096	0.1382272094
26413629441	-0.0285259690	0.0587884672	0.0995665193
26413629441	-0.0014789369	0.0400780365	0.0831232816
26413629441	0.0055361134	0.0332591422	0.0287503153
26413629441	0.0372381397	0.0315929987	0.0396360271
26413629441	-0.0077388124	0.0648929402	0.0462573059
26413629441	-0.0563089140	0.0927087143	0.0376716964
26413629441	-0.0173124913	0.0902010426	0.0239044167
26413629441	0.0161742326	0.1136184931	0.0617242493
26413629441	0.0132523673	0.0909832492	0.0792294294
26413629441	0.0172972176	0.1162194610	0.1174515784
26413629441	0.0333628394	0.1688674539	0.1134480238
26413629441	0.0500720888	0.1187904999	0.1056529433
26413629441	0.0238425918	0.0718502626	0.1202682853
26413629441	0.0226576086	0.0560122542	0.0964798182
26413629441	0.0399027020	0.0240692049	0.0879406780
26413629441	0.0720825717	0.0288468786	0.1013718396
26413629441	0.0439449809	-0.0096580079	0.1088325679
26413629441	0.0546492524	-0.0052949823	0.0793823600
26413629441	0.0201249514	-0.0012570228	0.0378801711
26413629441	0.0575729907	0.0063547222	0.0049439222
26413629441	0.0962134525	-0.0133091854	0.0282322243
26413629441	0.1323423237	-0.0143919671	0.0520254299
26413629441	0.1354162544	0.0353069082	0.0565803386
26413629441	0.1200063527	0.0625182167	0.0365557037
26413629441	0.1516855061	0.0864557177	0.0333003365
26413629441	0.1147342697	0.0944349840	0.0219352599
26413629441	0.0841712728	0.0832956061	0.0092481896
26413629441	0.0946263969	0.0645315945	-0.0177645162
26413629441	0.1407168657	0.0846451148	-0.0032974426
26413629441	0.1506705731	0.1087320149	-0.0408300087
26413629441	0.1182482913	0.1136729792	-0.0868495703
26413629441	0.0946940929	0.0798644200	-0.0798091739
26413629441	0.0682864487	0.0827878639	-0.0365428515
26413629441	0.0495542958	0.0500383414	-0.0449082442
26413629441	0.0413460992	0.0343422033	-0.0133170709
26413629441	-0.0036299126	0.0400776230	0.0016213730
26413629441	0.0229972843	0.0653741583	0.0315034203
26413629441	-0.0015503363	0.0913195312	0.0483256616
26413629441	0.0126339234	0.0991751477	0.0170312878
26413629441	0.0514484085	0.1388002932	0.0199224781
26413629441	0.0723291039	0.1387873143	0.0466949642
26413629441	0.0860963613	0.1066781208	0.0403531715
26413629441	0.0992701501	0.0745199546	0.0640566796
26413629441	0.0852399841	0.1156682000	0.0957439840
26413629441	0.1037608087	0.0801199228	0.1184874624
26413629441	0.1294787675	0.0394127108	0.1220760494
26413629441	0.0806163996	0.0521393828	0.1207295805
26413629441	0.0911828652	0.0134690981	0.0833269805
26413629441	0.1001372561	0.0200389624	0.0567753501
26413629441	0.0695771873	0.0245563313	0.0607795678
26413629441	0.0474263914	0.0004340596	0.0356128961
26413629441	0.0716016963	0.0251298621	0.0289417505
26413629441	0.1219371408	0.0115452111	0.0299031399
26413629441	0.1054028869	-0.0344922766	0.0425694324
26413629441	0.1351942569	-0.0400076099	0.0224127732
26413629441	0.1742548645	-0.0141162733	-0.0062019061
26413629441	0.1632381976	0.0171831064	-0.0064759441
26413629441	0.1401559114	-0.0233524814	0.0007802341
26413629441	0.1590246260	-0.0322329588	0.0511093810
26413629441	0.1571212411	-0.0081701977	0.0166935548
26413629441	0.1297334433	0.0093843564	0.0015151100
26413629441	0.1156655848	-0.0376496837	-0.0052494947
26413629441	0.0933367312	-0.0290641077	-0.0322566889
26413629441	0.1249745488	-0.0471329652	-0.0302952863
26413629441	0.0981687009	-0.0426985547	0.0170063078
26413629441	0.0439468138	-0.0568956621	0.0158217438
26413629441	0.0502842106	-0.0216154270	-0.0162085332
26413629441	0.0602823868	-0.0219764598	0.0171262231
26413629441	0.1054677665	-0.0091940863	-0.0012494065
26413629441	0.0912753791	0.0176992379	-0.0044659581
26413629441	0.1266739815	0.0344912969	-0.0450611077
26413629441	0.1264355928	0.0153635060	-0.0247516315
26413629441	0.1008369178	0.0217566490	-0.0502176657
26413629441	0.1213373467	0.0533390120	-0.0221297164
26413629441	0.1186363623	0.0616785437	-0.0584194474
26413629441	0.1378696263	0.0457026996	-0.0744915903
26413629441	0.1526277363	0.0886478350	-0.0964047909
26413629441	0.1378392428	0.0607144870	-0.1360274702
26413629441	0.1047163829	0.0624777153	-0.1359445304
26413629441	0.0892219618	0.0267576762	-0.1035480946
26413629441	0.0501328819	0.0392736234	-0.0747509301
26413629441	0.0680629909	-0.0018257489	-0.0553270988
26413629441	0.0389663763	-0.0051902412	-0.0487879477
26413629441	0.0031724554	0.0289943293	-0.0345843919
26413629441	0.0111533245	0.0762133971	-0.0090885032
26413629441	0.0563133098	0.0604772158	0.0130116530
26413629441	0.0647462755	0.1151557863	0.0171467997
26413629441	0.1080145016	0.1209470257	-0.0020405147
26413629441	0.1109907925	0.0906299129	-0.0150061455
26413629441	0.0877048969	0.1351018101	-0.0319721811
26413629441	0.0441004373	0.1381840259	-0.0175143778
26413629441	0.0407730825	0.1493833363	-0.0436802581
26413629441	0.0676397979	0.1737017334	-0.0154864378
26413629441	0.0706707686	0.1417135149	-0.0053880420
26413629441	0.0285788421	0.1195935681	0.0071069114
26413629441	0.0417380296	0.1195652261	0.0445885397
26413629441	0.0425915606	0.0747967586	0.0593059771
26413629441	0.0602647960	0.0470927805	0.0487760641
26413629441	0.0358632915	0.0191777349	0.0152043588
26413629441	0.0631784946	0.0338134728	0.0029324563
26413629441	0.0902454928	0.0581475534	0.0359342694
26413629441	0.0889705867	0.0435387604	0.0850843340
26413629441	0.0816811994	0.0683710948	0.0969000757
26413629441	0.0679279640	0.0819018111	0.0525888838
26413629441	0.0530238040	0.0767353252	0.0893347412
26413629441	0.0439465493	0.1004893482	0.0771187097
26413629441	0.0217228029	0.1484383643	0.0838205963
26413629441	0.0134268394	0.1179073453	0.0888901651
26413629441	-0.0067671170	0.1302905381	0.1060527861
26413629441	-0.0373759829	0.1282540411	0.1334255189
26413629441	-0.0147064300	0.0995764360	0.1573703587
26413629441	-0.0076619727	0.0682145804	0.1307410896
26413629441	-0.0150212646	0.0727490038	0.0784135759
26413629441	-0.0280987415	0.0463310219	0.0341506861
26413629441	-0.0103914533	0.0061559780	0.0397323109
26413629441	-0.0006136004	-0.0225514472	0.0515475459
26413629441	0.0208782889	-0.0314851776	0.0930551589
26413629441	-0.0216226019	-0.0622450374	0.0927865356
26413629441	0.0132184010	-0.0668611601	0.0934917331
26413629441	-0.0257122591	-0.0919047147	0.0704367757
26413629441	-0.0219687354	-0.0678144023	0.0322199874
26413629441	-0.0463814586	-0.0432235301	0.0725150555
26413629441	-0.0945815668	-0.0337846838	0.0690639913
26413629441	-0.1211611554	-0.0555391051	0.0743874460
26413629441	-0.1518038958	-0.0790569112	0.0427161194
26413629441	-0.1399508566	-0.1024308503	0.0316523276
26413629441	-0.1239131615	-0.0820790157	0.0676651895
26413629441	-0.0908626392	-0.0727190822	0.0341106094
26413629441	-0.0678691119	-0.0560133047	0.0268890075
26413629441	-0.0777050033	-0.0838531703	0.0108286329
26413629441	-0.0548567139	-0.0432642549	-0.0067860866
26413629441	-0.0765577406	-0.0180466138	-0.0099851359
26413629441	-0.1034451872	-0.0077411132	-0.0384464860
26413629441	-0.0781035274	-0.0169783197	-0.0629520267
26413629441	-0.0869117677	-0.0569150485	-0.0881422758
26413629441	-0.1160498932	-0.0953206643	-0.1165801883
26413629441	-0.1263684779	-0.0561402403	-0.1234362423
26413629441	-0.1612753868	-0.0513925999	-0.1301884353
26413629441	-0.1682626754	-0.0369555838	-0.1520693004
26413629441	-0.1902146339	-0.0613683052	-0.1426882595
26413629441	-0.1817003787	-0.0792584717	-0.1089922339
26413629441	-0.1477104574	-0.0790243447	-0.1077982485
26413629441	-0.1566882730	-0.0371114761	-0.0816377848
26413629441	-0.1568760127	-0.0174262375	-0.0534483008
26413629441	-0.1070410982	-0.0287487805	-0.0677220970
26413629441	-0.0726922452	-0.0030384716	-0.0902430117
26413629441	-0.0477984883	0.0166609976	-0.0537210815
26413629441	-0.0357343480	-0.0130878547	-0.0548006892
26413629441	-0.0563363396	-0.0636008382	-0.0515957773
26413629441	-0.0721749961	-0.0784128085	-0.0732416064
26413629441	-0.0341218300	-0.1190195456	-0.0758980364
26413629441	-0.0204440132	-0.1225794181	-0.0316008739
26413629441	-0.0111036692	-0.1331963539	0.0236160941
26413629441	0.0333694480	-0.1041100249	0.0130642951
26413629441	0.0258887559	-0.1324085444	0.0312708393
26413629441	0.0057818810	-0.1136492714	0.0374315865
26413629441	0.0209136903	-0.0784759894	-0.0046096942
26413629441	0.0098008234	-0.1237888113	-0.0289421286
26413629441	0.0184511095	-0.1150322258	-0.0808090121
26413629441	-0.0010812295	-0.1322088987	-0.0653056428
26413629441	0.0381770618	-0.0987322032	-0.0685721785
26413629441	0.0234621316	-0.0733904019	-0.0374439768
26413629441	0.0274478979	-0.0288349241	-0.0331480466
26413629441	0.0131881656	-0.0537998639	0.0067039449
26413629441	0.0678451657	-0.0471408106	-0.0010210047
26413629441	0.0957737342	-0.0701964572	0.0247886777
26413629441	0.0850435421	-0.0537021272	0.0446837731
26413629441	0.0757881328	-0.0263977237	0.0442103706
26413629441	0.1244730949	-0.0302653201	0.0731001198
26413629441	0.1573051065	0.0135227023	0.0608079173
26413629441	0.1161829904	-0.0045813899	0.0897761732
26413629441	0.1180019453	0.0039669340	0.1196357459
26413629441	0.1504752040	-0.0126623539	0.0816522241
26413629441	0.1048224270	-0.0346843004	0.1009997576
26413629441	0.0863883272	-0.0359772258	0.0744458884
26413629441	0.0362479612	-0.0598740093	0.0774483979
26413629441	0.0130706038	-0.0434300601	0.0642780662
26413629441	-0.0216034502	-0.0034183888	0.0628883094
26413629441	-0.0190463681	-0.0078416998	0.0100725591
26413629441	0.0065068360	-0.0217883848	0.0189670473
26413629441	-0.0291231498	-0.0484734885	0.0511682034
26413629441	-0.0451927483	-0.0767825991	0.0835292190
26413629441	-0.0322890431	-0.1176992133	0.1005972773
26413629441	-0.0493469238	-0.1068263575	0.0786912739
26413629441	-0.0520657636	-0.0792775974	0.0334098935
26413629441	-0.0686752498	-0.1068359911	0.0422717221
26413629441	-0.0538717322	-0.1033473834	-0.0116153117
26413629441	-0.0765297338	-0.0819973499	-0.0390930101
26413629441	-0.1030221060	-0.0645968094	-0.0668557584
26413629441	-0.1282651126	-0.0665925369	-0.0849115700
26413629441	-0.0849524438	-0.0475203656	-0.0549580008
26413629441	-0.1112510413	-0.0502803177	-0.0411820672
26413629441	-0.1231005788	-0.0807286277	-0.0372601524
26413629441	-0.0821621194	-0.0551899560	-0.0072581396
26413629441	-0.0448232479	-0.0166414678	-0.0057031405
26413629441	-0.0605874322	0.0295456201	-0.0204833560
26413629441	-0.0766109973	0.0539396554	-0.0240290985
26413629441	-0.1041224301	0.0290998630	-0.0288061798
26413629441	-0.1544499397	0.0369952358	-0.0540433004
26413629441	-0.1688782722	0.0589974150	-0.0468222313
26413629441	-0.1820508689	0.0684427023	-0.0031615021
26413629441	-0.1496068686	0.0565813370	-0.0207457971
26413629441	-0.1614894569	0.0873663202	-0.0285026338
26413629441	-0.1288531572	0.0927398801	-0.0281830765
26413629441	-0.1317967623	0.1144345775	0.0102466047
26413629441	-0.1015395820	0.1158017069	0.0106358025
26413629441	-0.0970479399	0.0839578211	-0.0244416147
26413629441	-0.1171478704	0.0648037121	-0.0301096383
26413629441	-0.0750984028	0.0757925585	-0.0459847897
26413629441	-0.0842686146	0.0655008703	0.0010111015
26413629441	-0.0347561240	0.0468762890	0.0006375872
26413629441	-0.0121700345	0.0590077713	-0.0211908240
26413629441	-0.0324706100	0.0453602932	-0.0525449105
26413629441	0.0022376515	0.0869440585	-0.0634330660
26413629441	0.0432099588	0.0943066478	-0.0338509977
26413629441	0.0585514195	0.1196502894	-0.0403305963
26413629441	0.0659020692	0.1259676963	-0.0748499036
26413629441	0.0591630787	0.1155683845	-0.1214224398
26413629441	0.0654259846	0.0738464966	-0.1028464735
26413629441	0.0802792385	0.0496733002	-0.1237909049
26413629441	0.1104468927	0.0482802577	-0.0845847875
26413629441	0.1332453638	0.0955491439	-0.0655445009
26413629441	0.1307787597	0.0957639292	-0.1167906523
26413629441	0.1409914047	0.0747532547	-0.1628866941
26413629441	0.1622641534	0.0659208298	-0.1864413172
26413629441	0.1626825184	0.0513598919	-0.1486503780
