5631974400	-2.604977	-0.724796	-4.151072
5631974400	-2.547566	-0.799234	-4.061113
5631974400	-2.679135	-0.834863	-3.962803
5631974400	-2.616717	-0.955315	-3.862572
5631974400	-2.662050	-0.823766	-3.741260
5631974400	-2.757729	-0.772850	-3.737323
5631974400	-2.740195	-0.717114	-3.594874
5631974400	-2.817705	-0.857077	-3.662267
5631974400	-2.833633	-0.851549	-3.509053
5631974400	-2.894485	-0.881056	-3.336632
5631974400	-2.743153	-0.855723	-3.273576
5631974400	-2.557507	-0.867416	-3.297770
5631974400	-2.628335	-0.885626	-3.426605
5631974400	-2.515795	-1.000800	-3.508982
5631974400	-2.501123	-1.139013	-3.569306
5631974400	-2.567532	-1.061091	-3.591587
5631974400	-2.490473	-0.909372	-3.603207
5631974400	-2.518957	-0.837347	-3.730252
5631974400	-2.447056	-0.754274	-3.622929
5631974400	-2.506787	-0.648909	-3.729715
5631974400	-2.503393	-0.546674	-3.727991
5631974400	-2.340631	-0.463306	-3.733055
5631974400	-2.309394	-0.461432	-3.833892
5631974400	-2.219147	-0.592580	-3.869397
5631974400	-2.251877	-0.575190	-4.018608
5631974400	-2.108045	-0.520560	-4.023932
5631974400	-1.999555	-0.546844	-3.947885
5631974400	-2.043370	-0.588795	-4.124487
5631974400	-1.945826	-0.510061	-4.085868
5631974400	-1.927780	-0.548655	-4.220550
5631974400	-1.823641	-0.631007	-4.319615
5631974400	-1.699073	-0.568501	-4.227939
5631974400	-1.661341	-0.496601	-4.083664
5631974400	-1.616466	-0.498596	-3.958444
5631974400	-1.696328	-0.632074	-3.990043
5631974400	-1.521633	-0.669936	-4.018077
5631974400	-1.585672	-0.689447	-4.176425
5631974400	-1.432893	-0.650247	-4.161439
5631974400	-1.306810	-0.710421	-4.097930
5631974400	-1.343151	-0.558150	-4.002271
5631974400	-1.178876	-0.546302	-4.081517
5631974400	-1.103417	-0.483483	-3.947647
5631974400	-1.178324	-0.633511	-3.928665
5631974400	-1.121477	-0.724969	-3.931389
5631974400	-1.073618	-0.668656	-3.778069
5631974400	-1.012401	-0.642091	-3.685480
5631974400	-0.945014	-0.631803	-3.584133
5631974400	-0.819141	-0.596277	-3.703464
5631974400	-0.870168	-0.505728	-3.758524
5631974400	-0.933998	-0.398176	-3.890298
5631974400	-0.877532	-0.517086	-3.933134
5631974400	-1.022405	-0.555064	-3.859858
5631974400	-1.161915	-0.450475	-3.818465
5631974400	-1.297344	-0.404875	-3.845938
5631974400	-1.314728	-0.283880	-3.840877
5631974400	-1.186984	-0.225535	-3.821478
5631974400	-1.243175	-0.078485	-3.798905
5631974400	-1.131582	-0.023473	-3.727585
5631974400	-1.027688	0.000096	-3.718325
5631974400	-0.915544	0.043867	-3.680018
5631974400	-0.790131	0.030041	-3.701371
5631974400	-0.830338	0.100189	-3.633230
5631974400	-0.649936	0.134378	-3.679283
5631974400	-0.668284	0.062799	-3.542153
5631974400	-0.503402	0.088873	-3.488184
5631974400	-0.518057	-0.053276	-3.489468
5631974400	-0.545557	-0.088659	-3.304834
5631974400	-0.596073	-0.050129	-3.208643
5631974400	-0.569934	-0.160158	-3.234827
5631974400	-0.527930	-0.112917	-3.084940
5631974400	-0.569173	-0.102418	-2.902455
5631974400	-0.636368	-0.058743	-2.799707
5631974400	-0.554910	-0.166203	-2.702400
5631974400	-0.559879	-0.293471	-2.653141
5631974400	-0.509953	-0.251240	-2.738581
5631974400	-0.633852	-0.195811	-2.808527
5631974400	-0.746094	-0.139552	-2.879475
5631974400	-0.733036	-0.308908	-2.821993
5631974400	-0.801759	-0.312151	-2.980921
5631974400	-0.727332	-0.318494	-3.143349
5631974400	-0.795735	-0.418834	-3.240367
5631974400	-0.717956	-0.294078	-3.254396
5631974400	-0.671438	-0.425044	-3.331285
5631974400	-0.557997	-0.384529	-3.448655
5631974400	-0.625823	-0.338551	-3.615046
5631974400	-0.438212	-0.319427	-3.627365
5631974400	-0.297422	-0.378356	-3.669512
5631974400	-0.306901	-0.331974	-3.827857
5631974400	-0.182964	-0.400171	-3.786038
5631974400	-0.167246	-0.306161	-3.918706
5631974400	-0.078368	-0.180532	-3.848584
5631974400	-0.144217	-0.193667	-3.946965
5631974400	-0.210554	-0.053841	-4.005988
5631974400	-0.032763	-0.057395	-4.014005
5631974400	-0.015642	0.078345	-3.966037
5631974400	0.025804	0.013038	-3.877656
5631974400	0.061175	-0.098995	-3.787698
5631974400	-0.070325	-0.109933	-3.670267
5631974400	-0.135070	-0.177731	-3.547181
5631974400	-0.233928	-0.118369	-3.675598
5631974400	-0.287963	-0.097208	-3.507487
5631974400	-0.278064	0.086193	-3.520482
5631974400	-0.360268	0.009439	-3.466442
5631974400	-0.256829	-0.054833	-3.346610
5631974400	-0.138998	-0.071840	-3.247302
5631974400	-0.056104	-0.187760	-3.317296
5631974400	-0.220969	-0.163843	-3.367649
5631974400	-0.150586	-0.338348	-3.351159
5631974400	-0.048422	-0.452301	-3.461925
5631974400	0.083575	-0.412290	-3.397864
5631974400	0.159830	-0.365063	-3.230385
5631974400	0.257310	-0.402413	-3.268942
5631974400	0.303697	-0.379786	-3.117096
5631974400	0.381682	-0.323289	-3.218352
5631974400	0.214784	-0.272215	-3.209667
5631974400	0.082480	-0.212974	-3.127511
5631974400	0.097841	-0.042440	-3.090102
5631974400	0.155916	0.051650	-3.171379
5631974400	0.190103	0.130769	-3.077008
5631974400	0.265475	0.124910	-2.977670
5631974400	0.356495	0.156218	-3.110132
5631974400	0.340679	0.282265	-2.990643
5631974400	0.383226	0.189207	-2.855324
5631974400	0.444037	0.305427	-2.725859
5631974400	0.546936	0.151271	-2.738954
5631974400	0.461452	0.062321	-2.641776
5631974400	0.490481	-0.081240	-2.750759
5631974400	0.637944	-0.002791	-2.751534
5631974400	0.539265	0.021326	-2.880894
5631974400	0.518691	-0.137803	-2.958542
5631974400	0.524574	-0.178320	-3.143664
5631974400	0.533472	-0.080998	-3.267544
5631974400	0.695631	-0.079933	-3.349864
5631974400	0.746764	-0.211409	-3.435851
5631974400	0.805191	-0.095699	-3.473364
5631974400	0.793583	-0.222561	-3.575198
5631974400	0.726052	-0.314864	-3.651134
5631974400	0.640002	-0.331752	-3.541783
5631974400	0.546919	-0.336902	-3.587665
5631974400	0.481689	-0.243424	-3.580703
5631974400	0.505953	-0.082745	-3.616589
5631974400	0.574992	-0.105693	-3.713970
5631974400	0.545345	-0.052543	-3.854012
5631974400	0.504130	0.098577	-3.863298
5631974400	0.394532	0.143400	-4.008465
5631974400	0.519462	0.025775	-4.009690
5631974400	0.430152	-0.037833	-4.096746
5631974400	0.320144	-0.111870	-4.180089
5631974400	0.291127	-0.026582	-4.287996
5631974400	0.286862	0.036401	-4.373925
5631974400	0.388571	0.187518	-4.341880
5631974400	0.532099	0.112723	-4.403250
5631974400	0.663595	0.093313	-4.398417
5631974400	0.677996	0.051067	-4.304395
5631974400	0.777137	0.167578	-4.219430
5631974400	0.701132	0.123017	-4.051791
5631974400	0.777850	0.239696	-4.030975
5631974400	0.765005	0.353186	-3.992771
5631974400	0.785597	0.366154	-4.153260
5631974400	0.787325	0.419954	-4.270677
5631974400	0.881367	0.333535	-4.281901
5631974400	0.851294	0.358668	-4.467215
5631974400	0.769050	0.293815	-4.516737
5631974400	0.793885	0.194940	-4.569662
5631974400	0.825007	0.271681	-4.413292
5631974400	0.888561	0.298974	-4.587689
5631974400	0.771168	0.213292	-4.705839
5631974400	0.734789	0.244589	-4.860487
5631974400	0.820528	0.091210	-4.857264
5631974400	0.765110	0.155179	-4.920435
5631974400	0.876945	0.034301	-5.014280
5631974400	0.693934	-0.009286	-5.019640
5631974400	0.643782	0.107981	-5.021785
5631974400	0.556405	0.149350	-4.948183
5631974400	0.495045	0.238554	-4.962271
5631974400	0.465457	0.415918	-4.998557
5631974400	0.341254	0.432335	-4.866791
5631974400	0.311879	0.565075	-4.814659
5631974400	0.227159	0.495533	-4.679875
5631974400	0.328860	0.597139	-4.620996
5631974400	0.280832	0.516009	-4.539837
5631974400	0.363469	0.363900	-4.540298
5631974400	0.349326	0.373570	-4.710849
5631974400	0.533044	0.340972	-4.696386
5631974400	0.676076	0.333626	-4.793436
5631974400	0.780670	0.353144	-4.933850
5631974400	0.839592	0.297359	-4.995237
5631974400	0.800465	0.241220	-5.143271
5631974400	0.743706	0.237572	-5.291677
5631974400	0.690329	0.251991	-5.452994
5631974400	0.693232	0.227368	-5.557461
5631974400	0.762702	0.374798	-5.620257
5631974400	0.682632	0.374347	-5.691103
5631974400	0.743984	0.361790	-5.833679
5631974400	0.781059	0.290474	-5.765580
5631974400	0.613111	0.244365	-5.732304
5631974400	0.615510	0.140376	-5.695343
5631974400	0.718055	0.030939	-5.615741
5631974400	0.581199	-0.032281	-5.633316
5631974400	0.675813	0.007111	-5.743362
5631974400	0.676523	0.103701	-5.788701
5631974400	0.757876	0.038081	-5.922231
5631974400	0.821982	0.044353	-6.075981
5631974400	0.783769	-0.011269	-6.224729
5631974400	0.673635	-0.038081	-6.372318
5631974400	0.665837	-0.013493	-6.487376
5631974400	0.686890	0.075288	-6.650083
5631974400	0.783717	0.009628	-6.664102
5631974400	0.911155	-0.005776	-6.693188
5631974400	0.850393	-0.065835	-6.639533
5631974400	0.864976	-0.223419	-6.674292
5631974400	0.887246	-0.155681	-6.831110
5631974400	0.781679	-0.156564	-6.698344
5631974400	0.855849	-0.061100	-6.812061
5631974400	0.974705	0.049572	-6.838564
5631974400	1.064956	0.187076	-6.905580
5631974400	1.068405	0.119367	-6.788472
5631974400	1.157255	0.249969	-6.801541
5631974400	1.089322	0.400495	-6.775351
5631974400	1.128257	0.307806	-6.920128
5631974400	1.208852	0.216276	-7.002747
5631974400	1.083931	0.330162	-7.080304
5631974400	1.210228	0.415273	-6.976698
5631974400	1.323946	0.454020	-7.098830
5631974400	1.351528	0.478668	-6.931987
5631974400	1.488552	0.508386	-6.936884
5631974400	1.590971	0.574375	-6.915105
5631974400	1.684828	0.691366	-6.871720
5631974400	1.816920	0.582454	-6.885777
5631974400	1.859925	0.654974	-7.016151
5631974400	1.796691	0.685360	-6.940065
5631974400	1.807148	0.840976	-7.011567
5631974400	1.849630	0.765470	-6.858984
5631974400	1.887967	0.751868	-6.707976
5631974400	1.853099	0.880443	-6.635326
5631974400	1.817202	0.897423	-6.457781
5631974400	1.758099	0.826727	-6.578357
5631974400	1.624485	0.791131	-6.461276
5631974400	1.576194	0.866917	-6.562027
5631974400	1.678975	0.956510	-6.527022
5631974400	1.679503	1.098484	-6.634667
5631974400	1.701398	1.083932	-6.789939
5631974400	1.807263	1.079214	-6.727117
5631974400	1.956409	1.142417	-6.811771
5631974400	2.080167	1.168002	-6.760811
5631974400	2.072987	1.271958	-6.666812
5631974400	2.200389	1.382027	-6.634571
5631974400	2.081761	1.393973	-6.587852
5631974400	2.005163	1.401065	-6.657139
5631974400	1.986029	1.530936	-6.532338
5631974400	1.984546	1.581174	-6.441654
5631974400	2.026060	1.414471	-6.433025
5631974400	1.952900	1.441037	-6.570861
5631974400	1.891423	1.345155	-6.436755
5631974400	1.861486	1.444571	-6.428583
5631974400	1.805907	1.563687	-6.312268
