1	-0.6315150000	-0.9098340000	-0.9988000000
1	-0.6021070000	-1.0071300000	-0.9951800000
1	-0.5651800000	-1.0979400000	-0.9700300000
1	-0.5212500000	-1.1814800000	-0.9238800000
1	-0.4709030000	-1.2570100000	-0.8577300000
1	-0.4147920000	-1.3238700000	-0.7730100000
1	-0.3536280000	-1.3814700000	-0.6715600000
1	-0.2881700000	-1.4293100000	-0.5555700000
1	-0.2192260000	-1.4669600000	-0.4275600000
1	-0.1476350000	-1.4941000000	-0.2902800000
1	-0.0742647000	-1.5104800000	-0.1467300000
1	0.0000000054	-1.5159500000	0.0000000000
1	0.0742647000	-1.5104800000	0.1467300000
1	0.1476350000	-1.4941000000	0.2902800000
1	0.2192260000	-1.4669600000	0.4275600000
1	0.2881700000	-1.4293100000	0.5555700000
1	0.3536280000	-1.3814700000	0.6715600000
1	0.4147920000	-1.3238700000	0.7730100000
1	0.4709030000	-1.2570100000	0.8577300000
1	0.5212500000	-1.1814800000	0.9238800000
1	0.5651800000	-1.0979400000	0.9700300000
1	0.6021070000	-1.0071300000	0.9951800000
1	0.6315150000	-0.9098340000	0.9988000000
1	0.6529650000	-0.8069090000	0.9807900000
1	0.6660990000	-0.6992460000	0.9415400000
1	0.6706450000	-0.5877800000	0.8819200000
1	0.6664170000	-0.4734750000	0.8032100000
1	0.6533210000	-0.3573130000	0.7071100000
1	0.6313520000	-0.2402910000	0.5957000000
1	0.6006000000	-0.1234050000	0.4714000000
1	0.5612420000	-0.0076454100	0.3368900000
1	0.5135480000	0.1060140000	0.1950900000
1	0.4578750000	0.2166250000	0.0490700000
1	0.3946620000	0.3232730000	-0.0980200000
1	0.3244290000	0.4250890000	-0.2429800000
1	0.2477740000	0.5212500000	-0.3826800000
1	0.1653610000	0.6109940000	-0.5141000000
1	0.0779199000	0.6936260000	-0.6343900000
1	-0.0137637000	0.7685180000	-0.7409500000
1	-0.1088550000	0.8351220000	-0.8314700000
1	-0.2064760000	0.8929710000	-0.9039900000
1	-0.3057190000	0.9416850000	-0.9569400000
1	-0.4056490000	0.9809730000	-0.9891800000
1	-0.5053170000	1.0106300000	-1.0000000000
1	-0.6037680000	1.0305600000	-0.9891800000
1	-0.7000490000	1.0407400000	-0.9569400000
1	-0.7932190000	1.0412600000	-0.9039900000
1	-0.8823600000	1.0322900000	-0.8314700000
1	-0.9665830000	1.0140800000	-0.7409500000
1	-1.0450400000	0.9869970000	-0.6343900000
1	-1.1169200000	0.9514670000	-0.5141000000
1	-1.1814800000	0.9080020000	-0.3826800000
1	-1.2380300000	0.8571900000	-0.2429800000
1	-1.2859600000	0.7996830000	-0.0980200000
1	-1.3247200000	0.7361940000	0.0490700000
1	-1.3538600000	0.6674920000	0.1950900000
1	-1.3729900000	0.5943880000	0.3368900000
1	-1.3818300000	0.5177350000	0.4714000000
1	-1.3801800000	0.4384100000	0.5957000000
1	-1.3679500000	0.3573130000	0.7071100000
1	-1.3451200000	0.2753560000	0.8032100000
1	-1.3117800000	0.1934500000	0.8819200000
1	-1.2681300000	0.1125030000	0.9415400000
1	-1.2144400000	0.0334028000	0.9807900000
1	-1.1510800000	-0.0429847000	0.9988000000
1	-1.0785200000	-0.1158280000	0.9951800000
1	-0.9972810000	-0.1843380000	0.9700300000
1	-0.9080020000	-0.2477740000	0.9238800000
1	-0.8113760000	-0.3054520000	0.8577300000
1	-0.7081640000	-0.3567530000	0.7730100000
1	-0.5991920000	-0.4011260000	0.6715600000
1	-0.4853350000	-0.4380970000	0.5555700000
1	-0.3675170000	-0.4672690000	0.4275600000
1	-0.2466950000	-0.4883310000	0.2902800000
1	-0.1238540000	-0.5010590000	0.1467300000
1	0.0000000000	-0.5053170000	0.0000000000
1	0.1238540000	-0.5010590000	-0.1467300000
1	0.2466950000	-0.4883310000	-0.2902800000
1	0.3675170000	-0.4672690000	-0.4275600000
1	0.4853350000	-0.4380970000	-0.5555700000
1	0.5991920000	-0.4011260000	-0.6715600000
1	0.7081640000	-0.3567530000	-0.7730100000
1	0.8113760000	-0.3054520000	-0.8577300000
1	0.9080020000	-0.2477740000	-0.9238800000
1	0.9972810000	-0.1843380000	-0.9700300000
1	1.0785200000	-0.1158280000	-0.9951800000
1	1.1510800000	-0.0429847000	-0.9988000000
1	1.2144400000	0.0334028000	-0.9807900000
1	1.2681300000	0.1125030000	-0.9415400000
1	1.3117800000	0.1934500000	-0.8819200000
1	1.3451200000	0.2753560000	-0.8032100000
1	1.3679500000	0.3573130000	-0.7071100000
1	1.3801800000	0.4384100000	-0.5957000000
1	1.3818300000	0.5177350000	-0.4714000000
1	1.3729900000	0.5943880000	-0.3368900000
1	1.3538600000	0.6674920000	-0.1950900000
1	1.3247200000	0.7361940000	-0.0490700000
1	1.2859600000	0.7996830000	0.0980200000
1	1.2380300000	0.8571900000	0.2429800000
1	1.1814800000	0.9080020000	0.3826800000
1	1.1169200000	0.9514670000	0.5141000000
1	1.0450400000	0.9869970000	0.6343900000
1	0.9665830000	1.0140800000	0.7409500000
1	0.8823600000	1.0322900000	0.8314700000
1	0.7932190000	1.0412600000	0.9039900000
1	0.7000490000	1.0407400000	0.9569400000
1	0.6037680000	1.0305600000	0.9891800000
1	0.5053170000	1.0106300000	1.0000000000
1	0.4056490000	0.9809730000	0.9891800000
1	0.3057190000	0.9416850000	0.9569400000
1	0.2064760000	0.8929710000	0.9039900000
1	0.1088550000	0.8351220000	0.8314700000
1	0.0137637000	0.7685180000	0.7409500000
1	-0.0779199000	0.6936260000	0.6343900000
1	-0.1653610000	0.6109940000	0.5141000000
1	-0.2477740000	0.5212500000	0.3826800000
1	-0.3244290000	0.4250890000	0.2429800000
1	-0.3946620000	0.3232730000	0.0980200000
1	-0.4578750000	0.2166250000	-0.0490700000
1	-0.5135480000	0.1060140000	-0.1950900000
1	-0.5612420000	-0.0076454100	-0.3368900000
1	-0.6006000000	-0.1234050000	-0.4714000000
1	-0.6313520000	-0.2402910000	-0.5957000000
1	-0.6533210000	-0.3573130000	-0.7071100000
1	-0.6664170000	-0.4734750000	-0.8032100000
1	-0.6706450000	-0.5877800000	-0.8819200000
1	-0.6660990000	-0.6992460000	-0.9415400000
1	-0.6529650000	-0.8069090000	-0.9807900000
