718920000000	-0.4729374647	-1.5314122438	0.2355134189
718920000000	-0.4012864828	-1.4824345112	0.2895607054
718920000000	-0.3090610504	-1.4652470350	0.2107374966
718920000000	-0.2291733027	-1.6218568087	0.1866896451
718920000000	-0.1130424738	-1.6025418043	0.2037182748
718920000000	0.0114440918	-1.6350699663	0.2460382283
718920000000	0.0454796553	-1.5297136307	0.3028614819
718920000000	0.0738308430	-1.4552671909	0.4181413352
718920000000	0.0198627710	-1.3220093250	0.3631197512
718920000000	-0.0878351927	-1.2174496651	0.3395265043
718920000000	-0.0681687593	-1.0457736254	0.2995032370
718920000000	-0.1206376553	-0.9450962543	0.2309725583
718920000000	-0.2490724325	-0.9922682643	0.2747248113
718920000000	-0.4047009945	-1.0105271339	0.2112923563
718920000000	-0.4092569351	-0.9294789433	0.0580206811
718920000000	-0.2933878899	-0.9414228797	0.1630940735
718920000000	-0.1643844843	-1.0040102005	0.1088793874
718920000000	-0.0466001034	-1.0958648920	0.1628101170
718920000000	0.0432484150	-1.0173627138	0.1077805459
718920000000	0.0627107620	-0.9430971146	-0.0276654363
718920000000	0.2207684517	-0.8477002382	-0.0432080328
718920000000	0.0973427296	-0.7489421964	-0.0006422997
718920000000	0.0995579958	-0.6045857668	-0.0007974803
718920000000	0.2401551008	-0.5890717506	0.0526952147
718920000000	0.0848804712	-0.5032649040	0.0101764798
718920000000	0.0228514671	-0.5434871912	0.0879132748
718920000000	0.1353189945	-0.5422471762	0.2055677474
718920000000	0.1564975977	-0.4558111429	0.1032699943
718920000000	0.2697134018	-0.3555605412	0.0898483992
718920000000	0.4534165859	-0.3720647097	0.1034960151
718920000000	0.4941625595	-0.4794944525	-0.0286485553
718920000000	0.6559588909	-0.4313123226	-0.0174345076
718920000000	0.7137711048	-0.4682277441	0.0990206897
718920000000	0.8207273483	-0.5018707514	0.1263201535
718920000000	0.9342560768	-0.4811962843	0.2099204361
718920000000	0.8766303062	-0.3888211250	0.2830746472
718920000000	1.0164971352	-0.3538573980	0.2291698158
718920000000	1.1003327370	-0.4338432550	0.1430882514
718920000000	1.0722718239	-0.3101297617	0.0815773308
718920000000	1.1473124027	-0.2068293095	-0.0555736423
718920000000	1.2570774555	-0.3566603661	-0.0158742666
718920000000	1.3873360157	-0.3105930090	0.0275498629
718920000000	1.5179550648	-0.2033832073	0.0425193906
718920000000	1.5380845070	-0.2846895456	-0.0833889544
718920000000	1.4926793575	-0.1455351114	-0.1642612815
718920000000	1.4464268684	-0.2326966524	-0.3060607314
718920000000	1.5125939846	-0.3556762934	-0.3132275641
718920000000	1.4372086525	-0.3096531630	-0.3906546235
718920000000	1.3746168613	-0.4582959414	-0.4254028499
718920000000	1.3294484615	-0.3445321321	-0.5564078093
718920000000	1.2056837082	-0.3363463879	-0.6529183388
718920000000	1.1663739681	-0.2101440430	-0.7606109381
718920000000	1.0961637497	-0.1192818880	-0.7904341221
718920000000	1.0827116966	-0.0058546066	-0.6708319187
718920000000	1.0530519485	0.1693413258	-0.6636360884
718920000000	1.0605359077	0.0802160501	-0.7840394974
718920000000	0.9155869484	0.0511186123	-0.7052491903
718920000000	0.8406164646	0.0873768330	-0.6161381006
718920000000	0.7934286594	0.2044829130	-0.5104075670
718920000000	0.8389582634	0.2589666843	-0.3403873444
718920000000	0.9125766754	0.2120816708	-0.1945455521
718920000000	0.7325339317	0.2204720974	-0.1457883865
718920000000	0.6832139492	0.2057917118	0.0275922418
718920000000	0.6055109501	0.2966504097	0.1138785779
718920000000	0.5056054592	0.4011821747	0.0570319891
718920000000	0.4792265892	0.3846807480	0.2074493468
718920000000	0.3988347054	0.2610061169	0.1675325334
718920000000	0.2745981216	0.3100973368	0.2694126070
718920000000	0.3768811226	0.4161140919	0.2380640805
718920000000	0.2778954506	0.4951097965	0.3415519893
718920000000	0.2364058495	0.4407045841	0.1890440881
718920000000	0.1556975842	0.3696542978	0.2160231173
718920000000	0.0566382408	0.2914171219	0.2988248765
718920000000	-0.0592037439	0.4380292892	0.3152256310
718920000000	-0.1287806034	0.3766758442	0.4065502584
718920000000	-0.1714856625	0.4654266834	0.3383971751
718920000000	-0.2293373346	0.4004204273	0.4036648571
718920000000	-0.3464834690	0.2674766779	0.4335503876
718920000000	-0.5052214861	0.2896399498	0.5043998957
718920000000	-0.5074962378	0.1119681597	0.4835626185
718920000000	-0.4948499203	0.1911255121	0.3570924103
718920000000	-0.6577597857	0.1952248812	0.3087387979
718920000000	-0.6443675756	0.2987134457	0.2417204678
718920000000	-0.6268777847	0.1161345243	0.2201403081
718920000000	-0.7541600466	0.0747272968	0.2767498791
718920000000	-0.8865906000	-0.0343841314	0.2682185471
718920000000	-1.0267457962	-0.1126906872	0.2332504690
718920000000	-1.0112280846	-0.2264869213	0.1358220279
718920000000	-1.1055307388	-0.3025735617	0.0841486752
718920000000	-1.2528538704	-0.2943416834	0.0754781663
718920000000	-1.3454638720	-0.2422935963	-0.0422343612
718920000000	-1.2440899611	-0.1457606554	-0.0326357186
718920000000	-1.2891097069	-0.0590647459	-0.1365852654
718920000000	-1.4204082489	-0.1833847761	-0.1128798127
718920000000	-1.4777133465	-0.3341284990	-0.1603543311
718920000000	-1.3778375387	-0.3488979340	-0.0706491172
718920000000	-1.2819049358	-0.3105137348	-0.1467464268
718920000000	-1.1274769306	-0.3815820217	-0.1442831457
718920000000	-1.1202458143	-0.5396889448	-0.1693000048
718920000000	-1.1594984531	-0.6288150549	-0.2526254952
718920000000	-1.0809612274	-0.7518073320	-0.3203700483
718920000000	-0.9120935798	-0.8375011683	-0.3287407458
718920000000	-0.7584330440	-0.9264503121	-0.2976571918
718920000000	-0.7672737241	-1.0195581913	-0.4005556107
718920000000	-0.8064262271	-1.1750957966	-0.4955527186
718920000000	-0.7763636112	-1.0680180788	-0.6135411263
718920000000	-0.6307982206	-1.0435175896	-0.6782401800
718920000000	-0.6406188011	-1.2046331167	-0.6156498194
718920000000	-0.5418003798	-1.1739408970	-0.6493736506
718920000000	-0.5567193031	-1.1711826324	-0.5252146125
718920000000	-0.7006303072	-1.2345077991	-0.4677794576
718920000000	-0.7680420876	-1.3361587524	-0.3535054326
718920000000	-0.7235300541	-1.2790887356	-0.1890507191
718920000000	-0.5592800379	-1.1925278902	-0.2145938128
718920000000	-0.4751293659	-1.3588900566	-0.1780634671
718920000000	-0.3860085011	-1.4834705591	-0.1894575953
718920000000	-0.5076314211	-1.5115303993	-0.1683786958
718920000000	-0.6622184515	-1.4727380276	-0.2203295827
718920000000	-0.6634143591	-1.4250299931	-0.0839888304
718920000000	-0.6614573002	-1.5467545986	0.0342682302
718920000000	-0.8057749867	-1.5290417671	-0.0836906582
718920000000	-0.6271071434	-1.5213252306	-0.1321017444
718920000000	-0.7236273289	-1.6419365406	-0.0637253523
718920000000	-0.7092190981	-1.7034283876	0.0976485014
718920000000	-0.8943353295	-1.7062823772	0.1046852469
718920000000	-0.8486740589	-1.5274518728	0.1356900036
718920000000	-0.7083324194	-1.5061157942	0.2617765367
718920000000	-0.5958162546	-1.6344969273	0.2969976962
718920000000	0.4924049377	0.5644152164	-0.3298003078
718920000000	0.5145454407	0.4016962051	-0.2925052345
718920000000	0.3415975571	0.4237842560	-0.2797480226
718920000000	0.4478769302	0.5151033401	-0.1606046855
718920000000	0.2984733582	0.5952072144	-0.1187917441
718920000000	0.3663103580	0.6572756767	-0.0258818865
718920000000	0.3134438992	0.6095948219	0.0532065034
718920000000	0.1682108641	0.6480028629	0.1532296836
718920000000	0.2387230396	0.7684502602	0.1426881254
718920000000	0.1644309759	0.7179045677	0.0291730464
718920000000	0.1918598413	0.6234204769	-0.0142047107
718920000000	0.2086170912	0.5092606544	0.0664176047
718920000000	0.0829422474	0.5320687294	0.0415204763
718920000000	0.1253285408	0.4848263264	-0.0929808766
718920000000	0.0519844294	0.6028032303	-0.1535208523
718920000000	0.2039810419	0.6478605270	-0.2285517007
718920000000	0.2523648739	0.7694416046	-0.2565949261
718920000000	0.1988995075	0.9385843277	-0.2827823162
718920000000	0.3255913258	0.9568405151	-0.1612177491
718920000000	0.3448901176	0.9702255726	0.0182521939
718920000000	0.4362347126	0.8769073486	0.1134538352
718920000000	0.4577991962	1.0251107216	0.2301221192
718920000000	0.3625373840	1.0013952255	0.3747431338
718920000000	0.3772633076	0.9056057930	0.3359889686
718920000000	0.2996988297	0.9102370739	0.1875827610
718920000000	0.2721881866	1.0284621716	0.2956767976
718920000000	0.2230103016	0.8686323166	0.2975303829
718920000000	0.3111488819	0.7502551079	0.2408075035
718920000000	0.4294126034	0.6998260021	0.2526622117
718920000000	0.5005660057	0.6035432816	0.3805739582
718920000000	0.5705657005	0.5834896564	0.4879591167
718920000000	0.5323398113	0.4264442921	0.4661155045
718920000000	0.4958627224	0.4353225231	0.3091761768
718920000000	0.5937554836	0.5327327251	0.2879556715
718920000000	0.6288242340	0.6260035038	0.2011616528
718920000000	0.6461801529	0.6341085434	0.0292274654
718920000000	0.6600060463	0.5350875854	0.1082198322
718920000000	0.6763744354	0.3667637110	0.1558828950
718920000000	0.7022192478	0.4470419884	0.2827545106
718920000000	0.6009771824	0.3139631748	0.3493050039
718920000000	0.7379608154	0.2963849306	0.4615778625
718920000000	0.7540175915	0.4218616486	0.5604848862
718920000000	0.6721010208	0.4160609245	0.6242496967
718920000000	0.6784040928	0.3115774393	0.6133731604
718920000000	0.5275392532	0.2246376276	0.6214141846
718920000000	0.4192950726	0.2419608831	0.6087518930
718920000000	0.3575909138	0.1702796221	0.4644651115
718920000000	0.2118772268	0.1161906719	0.5321997404
718920000000	0.1373753548	0.2016043663	0.4591758549
718920000000	0.0405247211	0.2448527813	0.4333566725
718920000000	-0.1031562090	0.2249684334	0.3469023407
718920000000	-0.2683371305	0.1539421082	0.3093552887
718920000000	-0.1602914333	0.1327334642	0.1974690855
718920000000	-0.1292457581	-0.0210642815	0.1401554048
718920000000	-0.2064666748	-0.1807948351	0.1935446560
718920000000	-0.0792523623	-0.1575481892	0.0648302436
718920000000	-0.1671153307	-0.2346322536	0.0322643816
718920000000	-0.1942007542	-0.1188318729	0.0819232762
718920000000	-0.1909160614	-0.0285850763	-0.0668857694
718920000000	-0.3039524555	-0.0348414183	-0.1518506706
718920000000	-0.3660941124	0.0452522039	-0.1458736509
718920000000	-0.5084608793	0.1227687597	-0.1071836948
718920000000	-0.5144480467	0.1995234489	-0.2700106800
718920000000	-0.4652349949	0.2077938318	-0.4037642181
718920000000	-0.4603229761	0.0912733078	-0.3885763884
718920000000	-0.3641942739	-0.0287579298	-0.2948441505
718920000000	-0.2092621326	-0.0492016077	-0.3429724872
718920000000	-0.2005952597	-0.0648598671	-0.1699440181
718920000000	-0.2126320601	0.1178166866	-0.1500405967
718920000000	-0.1299381256	0.1823958158	-0.2137079835
718920000000	-0.1094431877	0.3084247112	-0.1955729127
718920000000	-0.0145276785	0.3473857641	-0.0876790732
718920000000	-0.0014522076	0.5041277409	-0.0454179943
718920000000	-0.0429809093	0.5979695320	-0.0186961293
718920000000	0.0372151136	0.5846514702	0.1233140826
718920000000	0.0418721437	0.6191656590	0.3027365506
718920000000	0.0240740776	0.7030370235	0.4512671530
718920000000	0.0464153290	0.7529234886	0.5529127121
718920000000	-0.0229306221	0.8330776691	0.4209510982
718920000000	-0.1497468948	0.7440958023	0.3509871066
718920000000	-0.2616702318	0.7129118443	0.3217777312
718920000000	-0.1824796200	0.6023170948	0.2168667614
718920000000	-0.1083801985	0.5068378448	0.2400552332
718920000000	-0.2258168459	0.4625680447	0.1580536962
718920000000	-0.3279943466	0.5142250061	0.0079530776
718920000000	-0.4317338467	0.4637408257	0.0628942549
718920000000	-0.3820629120	0.5267543793	0.1939404905
718920000000	-0.4912009239	0.5698750019	0.2896812856
718920000000	-0.5529056787	0.6316874027	0.1422140002
718920000000	-0.6046071053	0.7923026085	0.1278090477
718920000000	-0.4411848783	0.7461557388	0.1592600346
718920000000	-0.4452742338	0.8430914879	0.0531543493
718920000000	-0.3403559923	0.9044446945	0.1242648959
718920000000	-0.2359583378	0.8128900528	0.0466715693
718920000000	-0.2698967457	0.8098063469	-0.0505665839
718920000000	-0.1896854639	0.6663472652	-0.0740084648
718920000000	-0.0753602982	0.5346646309	-0.1333661824
718920000000	-0.0356118679	0.6735348701	-0.2085499913
718920000000	-0.0954972506	0.7127437592	-0.0486436486
718920000000	-0.1203720570	0.8001043797	0.0165955424
718920000000	-0.0929183960	0.8515183926	0.1186787486
718920000000	-0.1413428783	0.9805524349	0.0224569142
718920000000	-0.0669957399	1.0015380383	0.1542305350
718920000000	-0.0418961048	1.1085796356	0.1282798350
718920000000	0.0096693039	1.1678359509	-0.0400464535
718920000000	-0.1062091589	1.0342495441	-0.0652579665
718920000000	-0.1421883106	1.0875935555	-0.2423759550
718920000000	-0.1625100374	0.9579799175	-0.1912364364
718920000000	-0.2634751797	1.0355772972	-0.2649871707
718920000000	-0.4287359715	1.0995502472	-0.2705467045
718920000000	-0.3223873377	1.0592238903	-0.4007985294
718920000000	-0.3070926666	0.9339373112	-0.3390279412
718920000000	-0.4463981390	0.8713550568	-0.2407591045
718920000000	-0.4438860416	0.8255658150	-0.1013085693
718920000000	-0.3477692604	0.6986501217	-0.1050310582
718920000000	-0.3207355738	0.5841023922	-0.1932943761
718920000000	-0.1895905733	0.5751554966	-0.3230540454
718920000000	-0.1396039724	0.7384018898	-0.3670263886
718920000000	-0.2980730534	0.7323551178	-0.3540753424
718920000000	-0.1656488180	0.6935248375	-0.4611579180
718920000000	-0.1179565191	0.6219041348	-0.5994793177
718920000000	0.0363992453	0.5423779488	-0.6713540554
718920000000	-0.0719720125	0.5073800087	-0.5956856608
718920000000	0.0703138113	0.4350373745	-0.5620669723
718920000000	0.1966187954	0.4624495506	-0.5239742994
718920000000	0.2617807388	0.4309520721	-0.3832747340
718920000000	0.4073524475	0.4038965702	-0.4594002068
718920000000	0.4356491566	0.3890514374	-0.3536143005
