1 6.08768 0 0
1 6.08584 0.149399 0
1 6.08034 0.298708 0
1 6.07118 0.447837 0
1 6.05836 0.596697 0
1 6.04189 0.745197 0
1 6.02179 0.893248 0
1 5.99805 1.04076 0
1 5.9707 1.18765 0
1 5.93976 1.33382 0
1 5.90524 1.47918 0
1 5.86716 1.62366 0
1 5.82554 1.76716 0
1 5.78042 1.90959 0
1 5.73182 2.05088 0
1 5.67976 2.19092 0
1 5.62428 2.32965 0
1 5.56541 2.46698 0
1 5.50319 2.60282 0
1 5.43766 2.73709 0
1 5.36885 2.86971 0
1 5.29681 3.0006 0
1 5.22157 3.12969 0
1 5.1432 3.25689 0
1 5.06172 3.38213 0
1 4.97719 3.50533 0
1 4.88967 3.62642 0
1 4.7992 3.74533 0
1 4.70584 3.86198 0
1 4.60964 3.97631 0
1 4.51067 4.08823 0
1 4.40898 4.1977 0
1 4.30464 4.30464 0
1 4.1977 4.40898 0
1 4.08823 4.51067 0
1 3.97631 4.60964 0
1 3.86198 4.70584 0
1 3.74533 4.7992 0
1 3.62642 4.88967 0
1 3.50533 4.97719 0
1 3.38213 5.06172 0
1 3.25689 5.1432 0
1 3.12969 5.22157 0
1 3.0006 5.29681 0
1 2.86971 5.36885 0
1 2.73709 5.43766 0
1 2.60282 5.50319 0
1 2.46698 5.56541 0
1 2.32965 5.62428 0
1 2.19092 5.67976 0
1 2.05088 5.73182 0
1 1.90959 5.78042 0
1 1.76716 5.82554 0
1 1.62366 5.86716 0
1 1.47918 5.90524 0
1 1.33382 5.93976 0
1 1.18765 5.9707 0
1 1.04076 5.99805 0
1 0.893248 6.02179 0
1 0.745197 6.04189 0
1 0.596697 6.05836 0
1 0.447837 6.07118 0
1 0.298708 6.08034 0
1 0.149399 6.08584 0
1 1.09267e-08 6.08768 0
1 -0.149399 6.08584 0
1 -0.298708 6.08034 0
1 -0.447837 6.07118 0
1 -0.596697 6.05836 0
1 -0.745197 6.04189 0
1 -0.893248 6.02179 0
1 -1.04076 5.99805 0
1 -1.18765 5.9707 0
1 -1.33382 5.93976 0
1 -1.47918 5.90524 0
1 -1.62366 5.86716 0
1 -1.76716 5.82554 0
1 -1.90959 5.78042 0
1 -2.05088 5.73182 0
1 -2.19092 5.67976 0
1 -2.32965 5.62428 0
1 -2.46698 5.56541 0
1 -2.60282 5.50319 0
1 -2.73709 5.43766 0
1 -2.86971 5.36885 0
1 -3.0006 5.29681 0
1 -3.12969 5.22157 0
1 -3.25689 5.1432 0
1 -3.38213 5.06172 0
1 -3.50533 4.97719 0
1 -3.62642 4.88967 0
1 -3.74533 4.7992 0
1 -3.86198 4.70584 0
1 -3.97631 4.60964 0
1 -4.08823 4.51067 0
1 -4.1977 4.40898 0
1 -4.30464 4.30464 0
1 -4.40898 4.1977 0
1 -4.51067 4.08823 0
1 -4.60964 3.97631 0
1 -4.70584 3.86198 0
1 -4.7992 3.74533 0
1 -4.88967 3.62642 0
1 -4.97719 3.50533 0
1 -5.06172 3.38213 0
1 -5.1432 3.25689 0
1 -5.22157 3.12969 0
1 -5.29681 3.0006 0
1 -5.36885 2.86971 0
1 -5.43766 2.73709 0
1 -5.50319 2.60282 0
1 -5.56541 2.46698 0
1 -5.62428 2.32965 0
1 -5.67976 2.19092 0
1 -5.73182 2.05088 0
1 -5.78042 1.90959 0
1 -5.82554 1.76716 0
1 -5.86716 1.62366 0
1 -5.90524 1.47918 0
1 -5.93976 1.33382 0
1 -5.9707 1.18765 0
1 -5.99805 1.04076 0
1 -6.02179 0.893248 0
1 -6.04189 0.745197 0
1 -6.05836 0.596697 0
1 -6.07118 0.447837 0
1 -6.08034 0.298708 0
1 -6.08584 0.149399 0
1 -6.08768 2.18535e-08 0
1 -6.08584 -0.149399 0
1 -6.08034 -0.298708 0
1 -6.07118 -0.447837 0
1 -6.05836 -0.596697 0
1 -6.04189 -0.745197 0
1 -6.02179 -0.893248 0
1 -5.99805 -1.04076 0
1 -5.9707 -1.18765 0
1 -5.93976 -1.33382 0
1 -5.90524 -1.47918 0
1 -5.86716 -1.62366 0
1 -5.82554 -1.76716 0
1 -5.78042 -1.90959 0
1 -5.73182 -2.05088 0
1 -5.67976 -2.19092 0
1 -5.62428 -2.32965 0
1 -5.56541 -2.46698 0
1 -5.50319 -2.60282 0
1 -5.43766 -2.73709 0
1 -5.36885 -2.86971 0
1 -5.29681 -3.0006 0
1 -5.22157 -3.12969 0
1 -5.1432 -3.25689 0
1 -5.06172 -3.38213 0
1 -4.97719 -3.50533 0
1 -4.88967 -3.62642 0
1 -4.7992 -3.74533 0
1 -4.70584 -3.86198 0
1 -4.60964 -3.9763 0
1 -4.51067 -4.08823 0
1 -4.40898 -4.1977 0
1 -4.30464 -4.30464 0
1 -4.1977 -4.40898 0
1 -4.08823 -4.51067 0
1 -3.97631 -4.60964 0
1 -3.86198 -4.70584 0
1 -3.74533 -4.7992 0
1 -3.62642 -4.88967 0
1 -3.50533 -4.97719 0
1 -3.38213 -5.06172 0
1 -3.25689 -5.1432 0
1 -3.12969 -5.22157 0
1 -3.0006 -5.29681 0
1 -2.86971 -5.36885 0
1 -2.73709 -5.43766 0
1 -2.60282 -5.50319 0
1 -2.46698 -5.56541 0
1 -2.32965 -5.62428 0
1 -2.19092 -5.67976 0
1 -2.05088 -5.73182 0
1 -1.90959 -5.78042 0
1 -1.76716 -5.82554 0
1 -1.62366 -5.86716 0
1 -1.47918 -5.90524 0
1 -1.33382 -5.93976 0
1 -1.18765 -5.9707 0
1 -1.04076 -5.99805 0
1 -0.893248 -6.02179 0
1 -0.745197 -6.04189 0
1 -0.596697 -6.05836 0
1 -0.447837 -6.07118 0
1 -0.298708 -6.08034 0
1 -0.149399 -6.08584 0
1 -3.27802e-08 -6.08768 0
1 0.149399 -6.08584 0
1 0.298708 -6.08034 0
1 0.447837 -6.07118 0
1 0.596697 -6.05836 0
1 0.745197 -6.04189 0
1 0.893248 -6.02179 0
1 1.04076 -5.99805 0
1 1.18765 -5.9707 0
1 1.33382 -5.93976 0
1 1.47918 -5.90524 0
1 1.62366 -5.86716 0
1 1.76716 -5.82554 0
1 1.90959 -5.78042 0
1 2.05088 -5.73182 0
1 2.19092 -5.67976 0
1 2.32965 -5.62428 0
1 2.46698 -5.56541 0
1 2.60282 -5.50319 0
1 2.73709 -5.43766 0
1 2.86971 -5.36885 0
1 3.0006 -5.29681 0
1 3.12969 -5.22157 0
1 3.25689 -5.1432 0
1 3.38213 -5.06172 0
1 3.50533 -4.97719 0
1 3.62642 -4.88967 0
1 3.74533 -4.7992 0
1 3.86198 -4.70584 0
1 3.9763 -4.60964 0
1 4.08823 -4.51067 0
1 4.1977 -4.40898 0
1 4.30464 -4.30464 0
1 4.40898 -4.1977 0
1 4.51067 -4.08823 0
1 4.60964 -3.97631 0
1 4.70584 -3.86198 0
1 4.7992 -3.74533 0
1 4.88967 -3.62642 0
1 4.97719 -3.50533 0
1 5.06172 -3.38213 0
1 5.1432 -3.25689 0
1 5.22157 -3.12969 0
1 5.29681 -3.0006 0
1 5.36885 -2.86971 0
1 5.43766 -2.73709 0
1 5.50319 -2.60282 0
1 5.56541 -2.46698 0
1 5.62428 -2.32965 0
1 5.67976 -2.19092 0
1 5.73182 -2.05088 0
1 5.78042 -1.90959 0
1 5.82554 -1.76716 0
1 5.86716 -1.62366 0
1 5.90524 -1.47918 0
1 5.93976 -1.33382 0
1 5.9707 -1.18765 0
1 5.99805 -1.04076 0
1 6.02179 -0.893248 0
1 6.04189 -0.745197 0
1 6.05836 -0.596697 0
1 6.07118 -0.447837 0
1 6.08034 -0.298708 0
1 6.08584 -0.149399 0
