1 3.0319 0 0
1 3.02825 0.148768 0
1 3.0173 0.297178 0
1 2.99909 0.444872 0
1 2.97364 0.591495 0
1 2.94104 0.736692 0
1 2.90135 0.880115 0
1 2.85467 1.02142 0
1 2.80111 1.16026 0
1 2.74081 1.29631 0
1 2.6739 1.42923 0
1 2.60055 1.55871 0
1 2.52093 1.68443 0
1 2.43525 1.8061 0
1 2.34369 1.92342 0
1 2.24649 2.0361 0
1 2.14388 2.14388 0
1 2.0361 2.24649 0
1 1.92342 2.34369 0
1 1.8061 2.43525 0
1 1.68443 2.52093 0
1 1.55871 2.60055 0
1 1.42923 2.6739 0
1 1.29631 2.74081 0
1 1.16026 2.80111 0
1 1.02142 2.85467 0
1 0.880115 2.90135 0
1 0.736692 2.94104 0
1 0.591495 2.97364 0
1 0.444872 2.99909 0
1 0.297178 3.0173 0
1 0.148768 3.02825 0
1 5.44195e-09 3.0319 0
1 -0.148768 3.02825 0
1 -0.297178 3.0173 0
1 -0.444872 2.99909 0
1 -0.591495 2.97364 0
1 -0.736692 2.94104 0
1 -0.880115 2.90135 0
1 -1.02142 2.85467 0
1 -1.16026 2.80111 0
1 -1.2963 2.74081 0
1 -1.42923 2.6739 0
1 -1.55871 2.60055 0
1 -1.68443 2.52093 0
1 -1.8061 2.43525 0
1 -1.92342 2.34369 0
1 -2.0361 2.24649 0
1 -2.14388 2.14388 0
1 -2.24649 2.0361 0
1 -2.34369 1.92342 0
1 -2.43525 1.8061 0
1 -2.52093 1.68443 0
1 -2.60055 1.55871 0
1 -2.6739 1.42923 0
1 -2.74081 1.29631 0
1 -2.80111 1.16026 0
1 -2.85467 1.02142 0
1 -2.90135 0.880115 0
1 -2.94104 0.736692 0
1 -2.97364 0.591495 0
1 -2.99909 0.444872 0
1 -3.0173 0.297178 0
1 -3.02825 0.148768 0
1 -3.0319 1.08839e-08 0
1 -3.02825 -0.148768 0
1 -3.0173 -0.297178 0
1 -2.99909 -0.444872 0
1 -2.97364 -0.591495 0
1 -2.94104 -0.736692 0
1 -2.90135 -0.880115 0
1 -2.85467 -1.02142 0
1 -2.80111 -1.16026 0
1 -2.74081 -1.2963 0
1 -2.6739 -1.42923 0
1 -2.60055 -1.55871 0
1 -2.52093 -1.68443 0
1 -2.43525 -1.8061 0
1 -2.34369 -1.92342 0
1 -2.24649 -2.0361 0
1 -2.14388 -2.14388 0
1 -2.0361 -2.24649 0
1 -1.92342 -2.34369 0
1 -1.8061 -2.43525 0
1 -1.68443 -2.52093 0
1 -1.55871 -2.60055 0
1 -1.42923 -2.6739 0
1 -1.29631 -2.74081 0
1 -1.16026 -2.80111 0
1 -1.02142 -2.85467 0
1 -0.880115 -2.90135 0
1 -0.736692 -2.94104 0
1 -0.591495 -2.97364 0
1 -0.444872 -2.99909 0
1 -0.297178 -3.0173 0
1 -0.148768 -3.02825 0
1 -1.63258e-08 -3.0319 0
1 0.148768 -3.02825 0
1 0.297178 -3.0173 0
1 0.444872 -2.99909 0
1 0.591495 -2.97364 0
1 0.736692 -2.94104 0
1 0.880115 -2.90135 0
1 1.02142 -2.85467 0
1 1.16026 -2.80111 0
1 1.2963 -2.74081 0
1 1.42923 -2.6739 0
1 1.55871 -2.60055 0
1 1.68443 -2.52093 0
1 1.8061 -2.43525 0
1 1.92342 -2.34369 0
1 2.0361 -2.24649 0
1 2.14388 -2.14388 0
1 2.24649 -2.0361 0
1 2.34369 -1.92342 0
1 2.43525 -1.8061 0
1 2.52093 -1.68443 0
1 2.60055 -1.55871 0
1 2.6739 -1.42923 0
1 2.74081 -1.29631 0
1 2.80111 -1.16026 0
1 2.85467 -1.02142 0
1 2.90135 -0.880115 0
1 2.94104 -0.736692 0
1 2.97364 -0.591495 0
1 2.99909 -0.444872 0
1 3.0173 -0.297178 0
1 3.02825 -0.148768 0
