16648529872	0.0134825483	0.0017435011	0.0039935336
16648529872	0.0133721270	-0.0225956552	-0.0230617002
16648529872	0.0366413146	-0.0663652197	-0.0482714251
16648529872	0.0719950870	-0.0706395060	-0.0412714221
16648529872	0.0995851010	-0.1072379202	-0.0243644565
16648529872	0.1056105569	-0.1288946718	-0.0604878217
16648529872	0.1201933697	-0.0963895693	-0.0605040453
16648529872	0.1399043202	-0.0820967406	-0.0193396360
16648529872	0.1753207445	-0.0577461571	-0.0327605456
16648529872	0.2136544287	-0.0463626832	-0.0232147425
16648529872	0.2232307792	-0.0047978945	-0.0445299186
16648529872	0.1778486669	-0.0132610295	-0.0318310261
16648529872	0.1450606436	0.0091413166	-0.0381666347
16648529872	0.1292548925	0.0512345806	-0.0463562272
16648529872	0.1317483336	0.0265219305	-0.0097391959
16648529872	0.0994509831	0.0336400904	0.0173043665
16648529872	0.0704425722	-0.0060777143	0.0163457356
16648529872	0.0527573377	-0.0119079184	-0.0141291339
16648529872	0.1039384976	-0.0051251659	0.0086052734
16648529872	0.1067911088	0.0137935411	-0.0394138768
16648529872	0.1429617405	-0.0156549457	-0.0079260599
16648529872	0.1463015974	-0.0368189141	-0.0418171957
16648529872	0.1545594037	-0.0556474589	-0.0041803923
16648529872	0.1097473949	-0.0631316602	-0.0315655954
16648529872	0.1237664819	-0.0494704545	-0.0708875060
16648529872	0.1257688552	-0.0828813836	-0.0923725963
16648529872	0.0973130912	-0.0715058744	-0.0718175471
16648529872	0.1005980447	-0.0215126295	-0.0955937430
16648529872	0.1450871229	-0.0191722717	-0.1292146891
16648529872	0.1683981717	-0.0038061226	-0.0855240002
16648529872	0.1187003255	-0.0132145360	-0.0630159080
16648529872	0.0778282136	-0.0375588946	-0.0646481365
16648529872	0.0874975026	-0.0220328551	-0.0249910094
16648529872	0.0529132560	-0.0369443595	-0.0402656458
16648529872	0.0611014701	-0.0670237020	-0.0726904050
16648529872	0.0809696987	-0.1098399907	-0.0818494111
16648529872	0.0798969865	-0.0872722641	-0.1078837961
16648529872	0.0955748707	-0.1207775250	-0.1194711849
16648529872	0.0842629969	-0.1294339895	-0.1661146730
16648529872	0.1038972437	-0.1574410796	-0.1266842037
16648529872	0.0866798759	-0.1918534189	-0.1082091779
16648529872	0.0622950718	-0.1576538682	-0.1198810190
16648529872	0.0274211057	-0.1651889980	-0.1065352112
16648529872	0.0238430407	-0.1237972155	-0.1399876326
16648529872	0.0039993841	-0.0871199965	-0.1210670769
16648529872	-0.0151323024	-0.0563712642	-0.1396085620
16648529872	-0.0172182973	-0.0724032596	-0.0959017426
16648529872	-0.0268743541	-0.0255761798	-0.0806509554
16648529872	-0.0241334531	-0.0283803567	-0.0431767590
16648529872	0.0046765371	0.0024555277	-0.0582003333
16648529872	0.0152079910	0.0222599581	-0.1097894460
16648529872	0.0220433548	0.0219863467	-0.1548006088
16648529872	0.0171557553	-0.0194532983	-0.1457877606
16648529872	0.0264026895	-0.0641041845	-0.1307874173
16648529872	0.0362377837	-0.0980363488	-0.1680317968
16648529872	0.0546489544	-0.1455441117	-0.1908415109
16648529872	0.0421407819	-0.1695249677	-0.1620819122
16648529872	0.0510195494	-0.1914865375	-0.1222541034
16648529872	0.0558252707	-0.1889839321	-0.0887581334
16648529872	0.0290800408	-0.1740559787	-0.0683555529
16648529872	0.0745636523	-0.1624745131	-0.0788576826
16648529872	0.0577996485	-0.1478039771	-0.0494782850
16648529872	0.0602291487	-0.1058019549	-0.0534723327
16648529872	0.0405089222	-0.0854399502	-0.0210826173
16648529872	0.0384492017	-0.0357905477	0.0043722223
16648529872	0.0370236635	-0.0066474290	0.0326493569
16648529872	0.0664711744	-0.0026321551	0.0574676543
16648529872	0.0689346567	-0.0104746493	0.0985652804
16648529872	0.0855985880	-0.0545386039	0.1241144389
16648529872	0.1006075293	-0.0572644174	0.0901222676
16648529872	0.1367616951	-0.0964937210	0.0947249457
16648529872	0.1013207734	-0.1017652154	0.1123888046
16648529872	0.0738570020	-0.1262519211	0.1489719152
16648529872	0.0261475723	-0.1268741935	0.1334768385
16648529872	0.0409030691	-0.1475355327	0.1047152728
16648529872	0.0387832373	-0.1703017652	0.1298644394
16648529872	0.0458508208	-0.1709418744	0.0773728117
16648529872	0.0324113034	-0.1586097330	0.0480890609
16648529872	0.0183817446	-0.1639938354	0.0171910785
16648529872	-0.0062786788	-0.1344733387	0.0133156367
16648529872	-0.0052298056	-0.0838918090	-0.0119624026
16648529872	0.0190538578	-0.0596575476	-0.0195104312
16648529872	0.0164366830	-0.1119778380	-0.0015858640
16648529872	0.0496774353	-0.1372398138	-0.0045929709
16648529872	0.0500555560	-0.1704944968	-0.0251918733
16648529872	0.0155744869	-0.2044268847	-0.0521267503
16648529872	-0.0170923732	-0.2285531312	-0.0382755250
16648529872	-0.0107492004	-0.1958718151	0.0030866209
16648529872	-0.0093948133	-0.1677496284	0.0499511622
16648529872	0.0142893940	-0.2054605335	0.0634509102
16648529872	0.0591689348	-0.2072186917	0.0666965246
16648529872	0.0206057634	-0.1844642758	0.1015926450
16648529872	0.0720857605	-0.1645220965	0.0978401825
16648529872	0.0459562466	-0.1344621480	0.0723097622
16648529872	0.0722089037	-0.1441682577	0.0316749737
16648529872	0.0608358011	-0.0998459384	0.0065988917
16648529872	0.0297598634	-0.0710816756	0.0135401338
16648529872	0.0652480200	-0.0456321910	0.0340850279
16648529872	0.0607705042	-0.0804301724	0.0339440666
16648529872	0.0334037617	-0.1239882261	0.0306190588
16648529872	0.0678987205	-0.1059694886	0.0723258853
16648529872	0.0908434242	-0.1348000914	0.0975323468
16648529872	0.1047866344	-0.1127033606	0.0612637177
16648529872	0.0743531734	-0.1118292212	0.0398691781
16648529872	0.0874059945	-0.1578269005	0.0643600598
16648529872	0.1271134168	-0.1376039982	0.0402734652
16648529872	0.1277826577	-0.1896420717	0.0228929929
16648529872	0.1436339468	-0.1429317296	0.0046233172
16648529872	0.1265184134	-0.1584582776	-0.0335492082
16648529872	0.1084828228	-0.1283591241	0.0064104600
16648529872	0.1400367618	-0.0984758362	0.0151565997
16648529872	0.1019988209	-0.0792156309	0.0190448444
16648529872	0.0610579476	-0.0587660596	-0.0099010430
16648529872	0.0848464891	-0.0372867584	0.0082068257
16648529872	0.0897710919	-0.0312968493	0.0552443862
16648529872	0.1263030767	-0.0265081413	0.0298225973
16648529872	0.1414334178	-0.0583521686	0.0447255448
16648529872	0.1666590124	-0.0819930583	0.0406024456
16648529872	0.1938608736	-0.0737312064	0.0221834145
16648529872	0.1951088756	-0.0589983575	0.0570420474
16648529872	0.1661652774	-0.0276029669	0.0548020303
16648529872	0.1746190637	-0.0259569772	0.0143701416
16648529872	0.2007942498	-0.0132632218	0.0380946323
16648529872	0.1951186210	0.0167435519	0.0066101542
16648529872	0.1697468907	0.0465052798	0.0288418867
16648529872	0.1491635293	0.0722973570	0.0570453480
16648529872	0.1292512715	0.1021625325	0.0342764556
16648529872	0.1046254635	0.0928523466	-0.0028054509
16648529872	0.0654472336	0.0590451062	-0.0008019791
16648529872	0.0491382852	0.0211336687	-0.0029025255
16648529872	0.0867449790	0.0480607934	-0.0322830565
16648529872	0.0938675553	0.0741538256	-0.0610663965
16648529872	0.1180098131	0.0933397561	-0.0439535119
16648529872	0.1095547229	0.1252983958	-0.0784548447
16648529872	0.1042156965	0.1569316089	-0.0676644742
16648529872	0.0870979652	0.1998950541	-0.0943620652
16648529872	0.0859781653	0.1603309065	-0.1104745194
16648529872	0.0355389044	0.1727128029	-0.1011095494
16648529872	0.0363830850	0.1236180291	-0.1136412621
16648529872	0.0899793804	0.1218017191	-0.1090687513
16648529872	0.0647261739	0.0786857456	-0.1084538996
16648529872	0.0254740752	0.0538961142	-0.1251133829
16648529872	0.0597396418	0.0448745936	-0.0983211771
16648529872	0.0592757314	0.0782444552	-0.0754824802
16648529872	0.0378461219	0.0290340781	-0.0657962486
16648529872	0.0484224632	-0.0093953377	-0.0683369935
16648529872	0.0433208235	-0.0209633391	-0.1061649472
16648529872	0.0620001219	-0.0004418828	-0.1541257650
16648529872	0.0452405401	-0.0419097394	-0.1650464833
16648529872	0.0913367569	-0.0389663689	-0.1637847573
16648529872	0.0647580922	-0.0684736893	-0.1452113092
16648529872	0.0953806117	-0.0966893286	-0.1524633914
16648529872	0.1124687791	-0.0852775723	-0.2038305253
16648529872	0.1207403317	-0.1037574708	-0.1772149354
16648529872	0.1124767214	-0.0654407367	-0.1645398736
16648529872	0.1478314698	-0.0674183816	-0.1212990135
16648529872	0.1126736030	-0.0635769293	-0.1240909994
16648529872	0.0700976029	-0.0293362737	-0.1380971521
16648529872	0.0747789368	-0.0515625440	-0.1060483754
16648529872	0.0315552428	-0.0467327870	-0.0883618742
16648529872	0.0213568937	-0.0297018345	-0.0548141338
16648529872	-0.0102303680	-0.0604794919	-0.0369053110
16648529872	-0.0318318047	-0.0672754869	-0.0624971688
16648529872	0.0032040067	-0.1035904288	-0.0847080052
16648529872	-0.0124305170	-0.1454477757	-0.0751609653
16648529872	-0.0375547186	-0.1768586934	-0.0634011701
16648529872	-0.0447858237	-0.1970984340	-0.0309991650
16648529872	-0.0632340014	-0.2050527930	0.0043284893
16648529872	-0.0665168911	-0.1743143201	0.0192877762
16648529872	-0.0337401070	-0.1665530652	0.0052540684
16648529872	-0.0038064844	-0.1731446832	-0.0316854753
16648529872	0.0155742541	-0.1364473403	-0.0419510864
16648529872	-0.0180940516	-0.1038855761	-0.0521301143
16648529872	-0.0359282009	-0.1410001069	-0.0445622280
16648529872	-0.0163907707	-0.1176337004	-0.0210019834
16648529872	-0.0561936535	-0.1166707426	0.0020990977
16648529872	-0.0336367562	-0.0875501186	0.0123655163
16648529872	-0.0577036887	-0.0574201830	0.0037316023
16648529872	-0.0705655664	-0.0867771506	0.0493311435
16648529872	-0.0735388249	-0.1202951595	0.0316817053
16648529872	-0.0951836705	-0.0826888308	0.0191485286
16648529872	-0.1082359701	-0.1286016852	0.0211035237
16648529872	-0.0886744186	-0.1617521793	0.0443577431
16648529872	-0.0388131626	-0.1341914833	0.0441553481
16648529872	-0.0691760257	-0.1339704394	0.0651473850
16648529872	-0.0341572724	-0.1482274234	0.0885964185
16648529872	0.0104127582	-0.1484860480	0.0798975602
16648529872	-0.0042767678	-0.0954498425	0.0771097317
16648529872	-0.0021637548	-0.1010252461	0.1136051342
16648529872	-0.0394690968	-0.1262654811	0.1329645216
16648529872	-0.0371100716	-0.0983294025	0.0882873386
16648529872	-0.0362948664	-0.0954164043	0.0448671617
16648529872	-0.0039745746	-0.0650038570	0.0159212090
16648529872	0.0226413123	-0.0362662338	0.0426536649
16648529872	0.0582488328	-0.0565308183	0.0747768730
16648529872	0.0259864684	-0.0778142288	0.1047353446
16648529872	0.0081015341	-0.0983757824	0.1498306692
16648529872	-0.0352636315	-0.0932864398	0.1546986699
16648529872	-0.0139483390	-0.0647332072	0.1460191756
16648529872	-0.0168527011	-0.0357678756	0.1629223824
16648529872	0.0280381255	-0.0061656404	0.1646611840
16648529872	0.0151647665	-0.0104775485	0.1150752679
16648529872	0.0338743292	-0.0432051197	0.1548281461
16648529872	0.0574365631	-0.0041623721	0.1839347035
16648529872	0.0575432107	-0.0204761773	0.1357495785
16648529872	0.0654128194	0.0310975127	0.1229258925
16648529872	0.0959703699	0.0686016306	0.0946422890
16648529872	0.0865631923	0.0484640561	0.0482349470
16648529872	0.0626641735	0.0315419324	0.0279936269
16648529872	0.0424176939	0.0575677976	0.0372526981
16648529872	0.0624869131	0.0607216172	0.0703586489
16648529872	0.0592109673	0.0705472678	0.1144174784
16648529872	0.0774358064	0.1121239811	0.0835242718
16648529872	0.0408417135	0.1224167868	0.0572542399
16648529872	0.0761395097	0.1452822536	0.0621712655
16648529872	0.1132723987	0.1469882727	0.0254361071
16648529872	0.1340648830	0.1640345305	0.0454942361
16648529872	0.1595819145	0.1697286367	0.0130154472
16648529872	0.1699238718	0.1338294744	-0.0010451768
16648529872	0.1296923608	0.1199879199	0.0054501649
16648529872	0.1255422980	0.0661473349	0.0168031771
16648529872	0.1320405304	0.0365225524	0.0339237340
16648529872	0.1163773984	0.0403259173	0.0707305446
16648529872	0.0947592407	0.0126886079	0.0451433286
16648529872	0.0836425722	0.0159894694	-0.0105464812
16648529872	0.0703703836	0.0063111600	-0.0418221392
16648529872	0.0715350956	0.0343279392	-0.0671589598
16648529872	0.1112926826	0.0481577218	-0.0843001604
16648529872	0.1450309157	0.0314221829	-0.0684921220
16648529872	0.1900006980	0.0165442750	-0.0667632297
16648529872	0.1835135818	-0.0336465314	-0.0689005107
16648529872	0.1603445411	-0.0370292589	-0.0984832048
16648529872	0.1340612769	-0.0016432466	-0.0972075239
16648529872	0.1623184681	0.0186006464	-0.1208675355
16648529872	0.1351554394	0.0632564500	-0.1208490804
16648529872	0.1031539813	0.0305630546	-0.1174819544
16648529872	0.1002963930	0.0656320676	-0.1437657773
16648529872	0.0556203350	0.0398648456	-0.1643853039
16648529872	0.0619145818	0.0086935498	-0.1188835651
16648529872	0.0151899159	-0.0068467697	-0.0904034153
16648529872	0.0326049104	0.0006725341	-0.0391776338
16648529872	0.0492654108	0.0425331295	-0.0302733146
16648529872	0.0528739132	0.0945871696	-0.0404204763
16648529872	0.0277384613	0.0981275067	-0.0700124279
16648529872	-0.0190050863	0.1231435761	-0.0527290218
16648529872	-0.0572699644	0.1296086460	-0.0596655905
16648529872	-0.0214027334	0.1577141881	-0.0567722172
16648529872	-0.0424210280	0.1457418352	-0.0850966349
16648529872	-0.0649584383	0.1181024313	-0.1169093773
16648529872	-0.0957640260	0.1059936509	-0.1056777686
16648529872	-0.1229566261	0.1279585809	-0.1215632260
16648529872	-0.0923523903	0.1215331852	-0.1379161626
16648529872	-0.0658676326	0.0860830843	-0.1270992607
16648529872	-0.0842789039	0.0420167670	-0.1287750006
16648529872	-0.0794198588	0.0078280102	-0.0916813016
16648529872	-0.0781776831	0.0235096533	-0.0537629835
16648529872	-0.0517813750	-0.0011418071	-0.0425571799
16648529872	-0.0548058189	-0.0189198069	-0.0089374306
16648529872	-0.0897246376	-0.0561221540	-0.0258456357
16648529872	-0.1245508641	-0.0344684422	-0.0628274977
16648529872	-0.1230208799	-0.0754073039	-0.0490346402
16648529872	-0.0930910185	-0.1002499163	-0.0850354061
16648529872	-0.1043164209	-0.0743785948	-0.1095684543
16648529872	-0.0943125114	-0.0648524240	-0.0670981333
16648529872	-0.1031806991	-0.1051969230	-0.0432546549
16648529872	-0.1155845225	-0.1549172103	-0.0198164955
16648529872	-0.1217679977	-0.1127494723	-0.0161405355
16648529872	-0.0927166343	-0.1378049254	-0.0424509794
16648529872	-0.0643779114	-0.1561001986	-0.0590100773
16648529872	-0.0618320480	-0.1146923378	-0.0362860784
16648529872	-0.0637444109	-0.0881312340	-0.0673526153
16648529872	-0.0433248691	-0.0812653005	-0.0278046727
16648529872	-0.0241162106	-0.0445111729	-0.0065149120
16648529872	-0.0245092735	0.0009628383	-0.0223305076
16648529872	-0.0240865983	0.0078107379	-0.0754877552
16648529872	-0.0490310825	0.0274723768	-0.1161491573
16648529872	-0.0203233343	0.0070887115	-0.1149803102
16648529872	-0.0488560721	-0.0094412677	-0.1015310884
16648529872	-0.0152453482	-0.0112239504	-0.1437773705
16648529872	0.0121444939	-0.0045720870	-0.1764179319
16648529872	-0.0067415526	-0.0541431867	-0.1722995043
16648529872	-0.0448724069	-0.0359548628	-0.1676933467
16648529872	-0.0715643987	-0.0188192464	-0.1405537575
16648529872	-0.0502248928	-0.0398675315	-0.1248389632
16648529872	-0.0824257135	-0.0518643782	-0.1425952762
16648529872	-0.0767079368	-0.0850404203	-0.1265494376
16648529872	-0.0567128249	-0.0677319244	-0.0936177969
16648529872	-0.0600180142	-0.0222253595	-0.0723608434
16648529872	-0.0553400889	-0.0486388281	-0.0428631306
16648529872	-0.0822914913	-0.0241790414	-0.0448024049
16648529872	-0.0800727531	-0.0352878608	-0.0963595212
16648529872	-0.0953085795	0.0041326191	-0.1242594421
16648529872	-0.1052350700	-0.0118820257	-0.0814011917
16648529872	-0.1376335174	-0.0457672738	-0.0956765711
16648529872	-0.1480227858	-0.0099882847	-0.0838056207
16648529872	-0.1495790631	-0.0233912729	-0.1372291744
16648529872	-0.1100648120	-0.0359207280	-0.1154225469
16648529872	-0.1299083233	0.0019661281	-0.1198906004
16648529872	-0.1232755855	0.0512451939	-0.1115826443
16648529872	-0.1065066531	0.0400760546	-0.0848719478
16648529872	-0.1526037306	0.0445587225	-0.0789293498
16648529872	-0.1656856090	0.0318900868	-0.0387327559
16648529872	-0.1301016212	0.0265413001	-0.0480618700
16648529872	-0.0902088135	0.0512902066	-0.0278670304
16648529872	-0.0429213122	0.0270529203	-0.0074813934
16648529872	-0.0442433320	0.0610537082	-0.0158924777
16648529872	-0.0193879064	0.0841353685	-0.0346719623
16648529872	-0.0579426736	0.0980768353	-0.0135844806
16648529872	-0.0791748539	0.1293604672	-0.0090941563
16648529872	-0.1182871461	0.0979368761	0.0170493014
16648529872	-0.1613757163	0.1220161840	0.0218148790
16648529872	-0.1746411920	0.0943914130	0.0637226626
16648529872	-0.1422220618	0.0578863397	0.0701715127
16648529872	-0.1932902634	0.0666780472	0.0471794866
16648529872	-0.2165981829	0.0671684593	0.0845916271
16648529872	-0.1809224933	0.0348380357	0.1031167209
16648529872	-0.1558558196	0.0266985130	0.0628692806
16648529872	-0.1781349182	0.0107371109	0.0264315400
16648529872	-0.1597562134	-0.0004417244	-0.0158712100
16648529872	-0.1138794646	-0.0137947630	-0.0364967473
16648529872	-0.0884500891	-0.0220437422	0.0007359604
16648529872	-0.0799460560	0.0145293865	-0.0182384942
16648529872	-0.1334668547	0.0251116380	-0.0088652913
16648529872	-0.1010969877	0.0689155906	0.0000137123
16648529872	-0.1171759367	0.0873170197	-0.0234768465
16648529872	-0.1671373546	0.0959829465	-0.0093310047
16648529872	-0.1647550166	0.0451880023	0.0032813083
16648529872	-0.1562292129	0.0760864913	0.0374928974
16648529872	-0.1427132636	0.0359479152	0.0309085138
16648529872	-0.1047605872	0.0192141049	0.0179303847
16648529872	-0.1443253756	-0.0007717139	0.0453262329
16648529872	-0.1583271772	-0.0202979706	0.0770997703
16648529872	-0.1449602842	0.0097641293	0.0944357142
16648529872	-0.1216555163	-0.0056072269	0.0753764361
16648529872	-0.0853745565	0.0242766552	0.0813492835
16648529872	-0.0644419417	0.0589767508	0.0809622258
16648529872	-0.0400217026	0.0373314992	0.0383316278
16648529872	0.0085066464	0.0490096621	0.0629876330
16648529872	0.0042910003	0.0780623704	0.1099409387
16648529872	-0.0284403246	0.0899012461	0.1342281401
16648529872	-0.0139498785	0.1020042002	0.1698653996
16648529872	-0.0521073788	0.1238988563	0.1835673898
16648529872	-0.0769124404	0.1672505736	0.2022003531
16648529872	-0.0710561424	0.2038730383	0.1723909378
16648529872	-0.0573915467	0.2317858487	0.1290744394
16648529872	-0.0366718620	0.1953935027	0.1559621394
16648529872	-0.0743799731	0.1749631017	0.1544277817
16648529872	-0.0466831699	0.1809123605	0.1157330275
16648529872	-0.0661642849	0.1435183436	0.0867437571
16648529872	-0.0453234874	0.1308227032	0.0619012117
16648529872	-0.0193599649	0.1022923887	0.0954148099
16648529872	0.0088302195	0.0838282555	0.0693106577
16648529872	-0.0044495692	0.0606500581	0.0255164355
16648529872	-0.0378126614	0.0684245676	0.0164790377
16648529872	-0.0843769461	0.0885367692	0.0223145895
16648529872	-0.0488744602	0.1216082647	0.0152226929
16648529872	-0.0917714909	0.1495233029	0.0204045344
16648529872	-0.1005970910	0.1499696076	0.0611287951
16648529872	-0.1257742643	0.1507633775	0.0856987908
16648529872	-0.1347326338	0.1749282628	0.1099381894
16648529872	-0.1064810827	0.2080872059	0.1066454202
16648529872	-0.1195986196	0.1830194592	0.0748626292
16648529872	-0.1307748109	0.2167257518	0.0488772094
16648529872	-0.1476660520	0.1735097617	0.0464001819
16648529872	-0.1280509382	0.1278807223	0.0358074903
16648529872	-0.1053395644	0.1034588590	0.0562608168
16648529872	-0.0766177252	0.1193508357	0.0462021865
16648529872	-0.0684753954	0.0704234242	0.0491021127
16648529872	-0.0658393651	0.0509533584	0.0077797724
16648529872	-0.0706718713	0.0125705823	0.0175107811
16648529872	-0.1078784764	-0.0185141359	0.0406700745
16648529872	-0.1245670021	-0.0561914258	0.0550297797
16648529872	-0.1087578684	-0.0979639366	0.0515504256
16648529872	-0.1204970181	-0.1191832051	0.0829285756
16648529872	-0.1584225893	-0.0973391682	0.0864829794
16648529872	-0.1805101484	-0.1092198044	0.1088603586
16648529872	-0.1789532900	-0.1299657524	0.0759212524
16648529872	-0.1798859239	-0.1241378635	0.0396387056
16648529872	-0.1646405905	-0.0816774666	0.0230348855
16648529872	-0.1580822319	-0.0638208911	0.0615320392
16648529872	-0.1481029689	-0.0339590944	0.0324928761
16648529872	-0.1354961395	-0.0098079201	0.0081129931
16648529872	-0.1218154356	-0.0414176174	-0.0154596288
16648529872	-0.0940176100	-0.0476286598	0.0296460073
16648529872	-0.0622985214	-0.0243194699	0.0270528402
16648529872	-0.0368475057	-0.0026210165	0.0472143106
16648529872	-0.0410424322	0.0219515953	0.0750982612
16648529872	-0.0704452917	-0.0106415264	0.1065967679
16648529872	-0.0443475656	-0.0085021788	0.1343460083
16648529872	-0.0311695766	0.0044567157	0.1719232798
16648529872	-0.0540589876	0.0405232832	0.2045446038
16648529872	-0.0277607739	0.0440411270	0.1803205609
16648529872	0.0210676230	0.0677426830	0.1730088741
16648529872	0.0315831788	0.0594932511	0.2085407525
16648529872	0.0610549524	0.0621797070	0.1645101607
16648529872	0.0294086114	0.0357572585	0.1779170930
16648529872	0.0425511859	0.0139920833	0.1403557956
16648529872	0.0884625018	0.0010448992	0.1377048194
16648529872	0.1041629314	-0.0150764324	0.1030403525
16648529872	0.0855462402	0.0143551603	0.0812659562
16648529872	0.0469635911	0.0261579212	0.0617428198
16648529872	0.0145880887	0.0025927136	0.0640546232
16648529872	-0.0262558758	-0.0087733325	0.0930625051
16648529872	-0.0553119890	0.0248947199	0.1134266630
16648529872	-0.0793492720	0.0562923141	0.1144001335
16648529872	-0.1210287809	0.0362124592	0.0893588662
16648529872	-0.1292354912	0.0565071702	0.1165871695
16648529872	-0.1734886914	0.0784305409	0.0941340327
16648529872	-0.1431191564	0.1043761373	0.0753905997
16648529872	-0.1187542006	0.1327308267	0.1180182919
16648529872	-0.1003532559	0.1763539314	0.1260947436
16648529872	-0.0635174289	0.1364314109	0.1336743683
16648529872	-0.0691154599	0.1070293859	0.1169102862
16648529872	-0.0889164656	0.1179920733	0.0837205574
16648529872	-0.0543778017	0.0956171602	0.0775583908
16648529872	-0.0247639157	0.0668002144	0.0718194321
16648529872	-0.0102222189	0.0210026223	0.0482610129
16648529872	-0.0279288013	-0.0014036372	0.0135916648
16648529872	-0.0680634826	0.0090901973	0.0514099821
16648529872	-0.1035553142	0.0237215273	0.0515773930
16648529872	-0.1118916944	0.0584495738	0.0422516577
16648529872	-0.1032397673	0.0751879439	0.0767649934
16648529872	-0.1029431373	0.0909096077	0.1176780164
16648529872	-0.0974926949	0.0687144697	0.1471991390
16648529872	-0.1276914775	0.0230164323	0.1333224624
16648529872	-0.1381867081	-0.0185048413	0.1154576391
16648529872	-0.1196953282	-0.0374621153	0.0920226723
16648529872	-0.0758679286	-0.0277003124	0.0699642971
16648529872	-0.0963052586	-0.0563494936	0.0751030594
16648529872	-0.1115484685	-0.0823724419	0.0922034159
16648529872	-0.0645119548	-0.0685084611	0.1061777771
16648529872	-0.0535378680	-0.0614323691	0.0652310625
16648529872	-0.0262339879	-0.0355851650	0.0287795570
16648529872	-0.0128083825	-0.0328874551	0.0664069504
16648529872	-0.0065694381	-0.0537109524	0.1098326221
16648529872	0.0219566971	-0.0589452311	0.0772294179
16648529872	0.0337989591	-0.0386871248	0.1041871384
16648529872	0.0397718586	-0.0747092217	0.1380752921
16648529872	0.0637150258	-0.1059481725	0.1232970133
16648529872	0.0541104041	-0.1012331247	0.1621187180
16648529872	0.0482486822	-0.1325304806	0.2058361322
16648529872	0.0434341989	-0.1645355374	0.1950707436
16648529872	0.0138818286	-0.1728478968	0.1620331705
16648529872	-0.0206756312	-0.1581118554	0.1358301342
16648529872	-0.0000394322	-0.1431123763	0.1117008030
16648529872	0.0295757428	-0.1058251113	0.0846788436
16648529872	0.0248931441	-0.0911307856	0.0477034897
16648529872	-0.0078030629	-0.0661045983	0.0492757000
16648529872	0.0049976720	-0.0322060585	0.0082401140
16648529872	-0.0044637476	-0.0111177154	0.0380419903
16648529872	0.0393384993	-0.0213368498	0.0679286867
16648529872	0.0399319753	0.0069212997	0.0935315192
16648529872	0.0371098332	0.0558962673	0.0934511274
16648529872	0.0175813716	0.0251361690	0.1207891852
16648529872	0.0014869310	0.0481986143	0.1477768570
16648529872	-0.0420013070	0.0753401816	0.1671250910
16648529872	-0.0708313659	0.0894855559	0.1547588706
16648529872	-0.0594217293	0.0862733424	0.2089102864
16648529872	-0.0834593922	0.0657826662	0.1909582317
16648529872	-0.1064295471	0.0369191952	0.1644687057
16648529872	-0.0727427006	0.0396088548	0.1520324647
16648529872	-0.0493856296	0.0710191578	0.1160101146
16648529872	-0.0138796940	0.0500083789	0.1130752414
16648529872	0.0014292374	0.0243892502	0.0859596878
16648529872	0.0222542770	0.0253611133	0.0364461727
16648529872	0.0253597815	0.0472248718	0.0020974521
16648529872	0.0071150530	0.0664796680	-0.0464772284
16648529872	0.0352524705	0.0734316781	-0.0169295743
16648529872	0.0391760208	0.1298394054	-0.0146478945
16648529872	0.0142791215	0.1063614339	-0.0246308446
16648529872	0.0120611209	0.1355988979	-0.0720372498
16648529872	-0.0000423025	0.1022022441	-0.0986840799
16648529872	-0.0134978425	0.1394429356	-0.1103188768
16648529872	-0.0002394002	0.1197331101	-0.1345740557
16648529872	0.0197464861	0.0935243517	-0.1411911845
16648529872	-0.0060270280	0.0812017322	-0.1740148365
16648529872	-0.0487376302	0.0835003331	-0.1609619558
16648529872	-0.0313484222	0.1002302021	-0.1187781021
16648529872	-0.0104268556	0.0815482810	-0.0739768147
16648529872	0.0011277664	0.0399279818	-0.0801925063
16648529872	0.0103830826	0.0281241983	-0.0268890113
16648529872	-0.0075566969	0.0554253645	-0.0178916231
16648529872	0.0273446552	0.0829767138	0.0145178763
16648529872	0.0570286661	0.0922669619	0.0526197478
16648529872	0.0355142877	0.0929179043	0.0970128775
16648529872	-0.0044761021	0.1290920228	0.0807152838
16648529872	-0.0114516923	0.1236616597	0.1332408935
16648529872	-0.0398359224	0.1329092532	0.1055599451
16648529872	-0.0130911805	0.1767491251	0.0966240913
16648529872	-0.0231493693	0.2107500583	0.0640076399
16648529872	-0.0111202076	0.2439911664	0.0791236982
16648529872	0.0008017458	0.2152668089	0.0373578928
16648529872	0.0255848374	0.1675054431	0.0486660972
16648529872	-0.0202006344	0.1624196321	0.0372045189
16648529872	-0.0058323927	0.1200024486	0.0160376914
16648529872	-0.0026848502	0.0848993286	-0.0028747199
16648529872	-0.0134807248	0.0334597938	0.0081858262
16648529872	-0.0235552453	0.0316056237	-0.0358922854
16648529872	-0.0534039885	0.0643261001	-0.0634179413
16648529872	-0.0813330263	0.0865425840	-0.0349663273
16648529872	-0.0920962617	0.1194455028	-0.0717435554
16648529872	-0.0996759161	0.0725815520	-0.0739270970
16648529872	-0.1365407854	0.0690378770	-0.0486534536
16648529872	-0.1186455041	0.1095964238	-0.0536964610
16648529872	-0.1394694149	0.1457661539	-0.0823807120
16648529872	-0.1654877216	0.1802229434	-0.0514353067
16648529872	-0.1655162424	0.1999863833	-0.0989902243
16648529872	-0.1779240072	0.2226235121	-0.1380854249
16648529872	-0.1572054327	0.1913258284	-0.1575551778
16648529872	-0.1397655010	0.2336637378	-0.1714221537
16648529872	-0.1251998842	0.2708330452	-0.1476727724
16648529872	-0.1468513608	0.3063477874	-0.1638690531
