11761202550	-0.0204309840	0.0033095907	-0.0043911627
11761202550	0.0102651734	0.0057624467	0.0011582797
11761202550	0.0043319329	-0.0065787928	0.0204526130
11761202550	0.0051494730	-0.0124187283	-0.0040216465
11761202550	0.0008851318	0.0042969808	0.0186599586
11761202550	-0.0045079566	-0.0137110446	-0.0146396998
11761202550	0.0203221459	0.0066204714	-0.0086441617
11761202550	0.0023431894	-0.0179293584	0.0144960973
11761202550	0.0107033523	0.0006862644	-0.0229214504
11761202550	0.0056015751	-0.0062593445	-0.0085526332
11761202550	-0.0130594475	-0.0128061157	-0.0152102374
11761202550	-0.0085339136	0.0189825837	0.0088194171
11761202550	-0.0091513451	0.0092889685	0.0055883527
11761202550	-0.0015931939	-0.0149745662	0.0050280560
11761202550	-0.0084220301	-0.0067448514	0.0036116717
11761202550	0.0022385409	0.0014918414	-0.0208147150
11761202550	0.0032594684	-0.0100568635	-0.0239360500
11761202550	0.0144818313	-0.0046977559	0.0069515426
11761202550	0.0108815776	-0.0163832139	-0.0084476508
11761202550	0.0002394416	0.0043590013	0.0113761891
11761202550	-0.0153459208	-0.0038661154	0.0051303543
11761202550	0.0153580103	0.0054371199	-0.0200384706
11761202550	0.0000272075	0.0119051505	-0.0043564113
11761202550	0.0154470988	0.0006578532	0.0005094351
11761202550	-0.0119459387	-0.0015763675	-0.0023212845
11761202550	0.0053217034	0.0067105740	0.0068193320
11761202550	0.0143745281	0.0044355085	-0.0120684225
11761202550	0.0111316163	0.0172043610	-0.0009964553
11761202550	0.0132024419	-0.0110388556	-0.0173769929
11761202550	0.0025996934	0.0193379801	0.0051094741
11761202550	-0.0029893117	-0.0163666178	-0.0024236545
11761202550	0.0165481921	-0.0100215897	0.0016394367
11761202550	-0.0093454234	-0.0077451579	0.0120072830
11761202550	-0.0066885306	-0.0090121515	-0.0034476209
11761202550	-0.0030163643	-0.0149290161	0.0223648455
11761202550	-0.0015908544	-0.0117634442	0.0134082567
11761202550	-0.0250932854	-0.0031647303	0.0053955708
11761202550	-0.0054003526	-0.0065884199	-0.0127460156
11761202550	0.0135029899	-0.0055442499	-0.0264021214
11761202550	0.0006493023	-0.0009031935	0.0017452822
11761202550	-0.0023394278	0.0181018617	-0.0072872527
11761202550	0.0007871601	-0.0178715494	-0.0098288674
11761202550	0.0071056155	-0.0058128424	-0.0161540639
11761202550	-0.0027841004	0.0062134750	0.0032581487
11761202550	0.0116213076	0.0088616684	0.0140345693
11761202550	-0.0208401214	-0.0033920861	0.0114613175
11761202550	-0.0040593888	0.0191865880	0.0000561853
11761202550	0.0046242783	-0.0193172377	0.0073790411
11761202550	-0.0026349761	0.0139356144	0.0053490661
11761202550	0.0076661902	-0.0002374346	0.0193226133
11761202550	-0.0037846747	0.0055115512	-0.0041358341
11761202550	-0.0124425171	-0.0192110743	-0.0003848413
11761202550	-0.0075060031	0.0005655926	0.0035997890
11761202550	-0.0171843320	-0.0125342011	0.0099715479
11761202550	0.0033057583	-0.0106075592	0.0081256134
11761202550	-0.0008432498	-0.0101739150	-0.0075380355
11761202550	-0.0073351138	-0.0163711440	0.0114063397
11761202550	-0.0143387523	0.0036099621	0.0024121669
11761202550	-0.0130019421	-0.0065012705	0.0183707606
11761202550	0.0084355334	0.0020547034	0.0122553278
11761202550	-0.0087769460	-0.0144076366	0.0043627424
11761202550	0.0047951527	-0.0192265045	-0.0016798184
11761202550	0.0045648683	0.0126191750	0.0026091584
11761202550	0.0086611230	-0.0027621763	-0.0026193478
11761202550	0.0090555362	0.0033464800	-0.0065101692
11761202550	-0.0141184367	-0.0007170240	0.0123094916
11761202550	0.0021901322	0.0100108180	-0.0192827228
11761202550	-0.0079304278	0.0028260187	0.0193232577
11761202550	0.0018857302	-0.0001984757	-0.0054423492
11761202550	0.0082077393	-0.0161760822	0.0182588268
11761202550	0.0151211945	0.0034232063	0.0174013022
11761202550	-0.0193699952	0.0026041586	0.0077385567
11761202550	-0.0054344735	-0.0014209633	-0.0057416065
11761202550	0.0066172178	0.0108758919	0.0188494641
11761202550	-0.0115353372	0.0060563032	-0.0051337089
11761202550	-0.0155855836	-0.0105915889	0.0025301161
11761202550	0.0038810470	0.0237530340	-0.0033109786
11761202550	0.0104289521	-0.0158317965	0.0049557062
11761202550	0.0024198266	0.0129717514	-0.0123516824
11761202550	0.0066645290	0.0036488485	-0.0148943830
11761202550	0.0189866424	-0.0011560421	-0.0116148051
11761202550	0.0031634457	0.0060889777	-0.0010689595
11761202550	0.0165407043	-0.0085293185	-0.0113827214
11761202550	-0.0152860684	0.0178098548	0.0050733946
11761202550	0.0019372938	0.0063427417	-0.0084906630
11761202550	-0.0040698764	-0.0077248719	0.0202591475
11761202550	0.0074196076	0.0112098828	-0.0039441101
11761202550	0.0205714647	0.0001275751	0.0070651798
11761202550	0.0117350314	-0.0090509802	-0.0051751323
11761202550	-0.0067945495	0.0121328495	-0.0014946340
11761202550	0.0094172955	-0.0122463712	0.0115443189
11761202550	-0.0150875663	-0.0013623869	-0.0092224758
11761202550	-0.0117715299	0.0174423847	-0.0037478411
11761202550	-0.0204888303	0.0076346118	0.0023330937
11761202550	0.0065087336	-0.0050612483	0.0128186718
11761202550	0.0153056756	-0.0080679040	0.0132425707
11761202550	-0.0040820749	0.0096828546	-0.0108890198
11761202550	-0.0087314267	-0.0152110588	-0.0076590087
11761202550	0.0175832864	-0.0048876740	-0.0036951590
11761202550	-0.0169960391	0.0124091581	0.0116032213
11761202550	-0.0039708237	-0.0091224192	-0.0202993099
11761202550	0.0011424157	-0.0019621926	-0.0134664383
11761202550	0.0091534536	0.0095270649	-0.0110723488
11761202550	0.0141183464	0.0154608591	-0.0088685695
11761202550	-0.0089711528	-0.0034672681	-0.0182735976
11761202550	-0.0002245437	-0.0039252816	0.0095342807
11761202550	0.0226381551	0.0016328071	0.0002584369
11761202550	0.0083020059	-0.0003465422	0.0048960019
11761202550	0.0087883882	-0.0085313953	0.0029875229
11761202550	-0.0224926621	-0.0029601329	-0.0013739469
11761202550	0.0114661325	-0.0024616581	-0.0102831386
11761202550	-0.0195528083	0.0126676997	-0.0046000369
11761202550	-0.0019564400	-0.0019618229	0.0164858140
11761202550	-0.0138616599	0.0107901599	0.0001626108
11761202550	0.0156304967	0.0108410008	-0.0018036163
11761202550	0.0126433428	0.0122144762	0.0060685230
11761202550	-0.0050058649	0.0088230725	0.0138451774
11761202550	-0.0132247135	0.0060181804	-0.0121260621
11761202550	-0.0037785773	0.0157351959	0.0155058317
11761202550	-0.0167252999	-0.0095329322	-0.0049570268
11761202550	0.0142830089	0.0039226823	0.0076101553
11761202550	-0.0100647639	0.0144333337	-0.0106432103
11761202550	0.0000001720	-0.0088448618	0.0001201425
11761202550	-0.0068663098	0.0086145112	-0.0181793738
11761202550	-0.0056657256	0.0029210025	-0.0139660370
11761202550	0.0054164059	0.0174236167	-0.0071304496
11761202550	-0.0070234276	0.0003589799	0.0118764900
11761202550	0.0019973367	0.0119285509	0.0125770718
