140747474550	0.776019	0.052656	-4.633026
140747474550	0.791691	0.035656	-4.769995
140747474550	0.857964	0.159449	-4.873803
140747474550	0.821549	0.287706	-4.852291
140747474550	0.963470	0.366413	-4.828174
140747474550	1.057350	0.497009	-4.922018
140747474550	1.214180	0.455660	-5.018496
140747474550	1.110594	0.309151	-4.980060
140747474550	1.170668	0.319373	-4.899940
140747474550	1.189549	0.476183	-4.830262
140747474550	1.250889	0.522905	-4.657542
140747474550	1.193408	0.398475	-4.617459
140747474550	1.237214	0.327750	-4.678936
140747474550	1.252647	0.170525	-4.698659
140747474550	1.306482	0.078227	-4.704561
140747474550	1.167950	0.053450	-4.608417
140747474550	1.145421	0.116297	-4.496382
140747474550	1.126256	0.220052	-4.352556
140747474550	1.277155	0.210032	-4.291702
140747474550	1.330929	0.377922	-4.319448
140747474550	1.329979	0.260261	-4.454515
140747474550	1.342518	0.140334	-4.356683
140747474550	1.192269	0.086297	-4.276252
140747474550	1.219036	0.262250	-4.223430
140747474550	1.167145	0.432379	-4.162621
140747474550	1.084024	0.491487	-4.175792
140747474550	1.225439	0.582368	-4.222792
140747474550	1.140244	0.733842	-4.157593
140747474550	1.184647	0.730359	-4.274368
140747474550	1.066153	0.706944	-4.265962
140747474550	0.907829	0.733982	-4.230208
140747474550	0.783064	0.779449	-4.315035
140747474550	0.829004	0.634650	-4.291930
140747474550	0.704964	0.569098	-4.189042
140747474550	0.863960	0.476831	-4.223454
140747474550	0.765237	0.511969	-4.281232
140747474550	0.634476	0.537522	-4.280117
140747474550	0.475171	0.455281	-4.279495
140747474550	0.341268	0.420682	-4.302350
140747474550	0.255231	0.381985	-4.374155
140747474550	0.236858	0.232929	-4.397204
140747474550	0.244680	0.138230	-4.534661
140747474550	0.341017	0.257214	-4.597923
140747474550	0.468742	0.312293	-4.555243
140747474550	0.551831	0.461869	-4.599935
140747474550	0.546438	0.283926	-4.617292
140747474550	0.422512	0.156683	-4.676489
140747474550	0.414091	0.014439	-4.789926
140747474550	0.368766	0.017517	-4.959087
140747474550	0.491999	0.089813	-4.886971
140747474550	0.555054	0.098348	-4.987910
140747474550	0.477864	0.247337	-4.944778
140747474550	0.436285	0.251750	-5.065640
140747474550	0.338634	0.329842	-5.129002
140747474550	0.255611	0.356948	-5.051589
140747474550	0.177300	0.454285	-5.191981
140747474550	0.050582	0.423640	-5.247578
140747474550	0.060261	0.321308	-5.090498
140747474550	0.099124	0.298381	-5.222075
140747474550	0.142749	0.127514	-5.155412
140747474550	0.006516	0.105760	-5.160841
140747474550	0.039258	0.198900	-5.085279
140747474550	-0.121720	0.200689	-5.019448
140747474550	-0.138116	0.040805	-5.047718
140747474550	-0.195783	-0.028116	-4.911167
140747474550	-0.334940	0.018437	-4.972776
140747474550	-0.229534	0.033693	-5.091326
140747474550	-0.269599	0.085540	-5.180838
140747474550	-0.225495	0.206043	-5.130429
140747474550	-0.248849	0.198871	-5.017549
140747474550	-0.334483	0.287646	-5.023771
140747474550	-0.467519	0.186949	-4.942505
140747474550	-0.560656	0.057054	-4.843473
140747474550	-0.607344	0.190050	-4.891659
140747474550	-0.754781	0.113751	-4.867269
140747474550	-0.667161	0.229812	-4.796299
140747474550	-0.755255	0.291564	-4.811697
140747474550	-0.887405	0.307380	-4.879136
140747474550	-0.816823	0.199706	-4.845411
140747474550	-0.801489	0.172795	-4.695634
140747474550	-0.799456	0.062740	-4.594694
140747474550	-0.855116	0.053478	-4.742011
140747474550	-0.706321	-0.033695	-4.731822
140747474550	-0.861299	-0.128640	-4.727494
140747474550	-0.754896	-0.109177	-4.782752
140747474550	-0.617265	-0.213126	-4.742038
140747474550	-0.640376	-0.347065	-4.778082
140747474550	-0.729053	-0.377374	-4.725314
140747474550	-0.856210	-0.502895	-4.688925
140747474550	-0.952638	-0.555611	-4.626735
140747474550	-1.051985	-0.589205	-4.515805
140747474550	-1.105321	-0.606423	-4.380621
140747474550	-1.098237	-0.494508	-4.481222
140747474550	-1.122146	-0.386647	-4.360456
140747474550	-1.085093	-0.245811	-4.326210
140747474550	-1.075883	-0.350648	-4.230537
140747474550	-1.099487	-0.240753	-4.100129
140747474550	-1.096688	-0.324347	-4.002330
140747474550	-1.156436	-0.230763	-3.866158
140747474550	-1.261410	-0.363991	-3.814277
140747474550	-1.329612	-0.512362	-3.778100
140747474550	-1.257219	-0.652574	-3.686433
140747474550	-1.217078	-0.597781	-3.835305
140747474550	-1.199579	-0.775550	-3.831562
140747474550	-1.086522	-0.856240	-3.731012
140747474550	-1.008060	-0.853436	-3.631956
140747474550	-0.960345	-0.804562	-3.720191
140747474550	-0.973425	-0.668231	-3.686497
140747474550	-0.847092	-0.694601	-3.566186
140747474550	-0.702746	-0.726268	-3.505820
140747474550	-0.640952	-0.848306	-3.598460
140747474550	-0.466945	-0.800235	-3.657520
140747474550	-0.534906	-0.686801	-3.573081
140747474550	-0.404824	-0.626018	-3.603844
140747474550	-0.438495	-0.580893	-3.777646
140747474550	-0.485668	-0.516856	-3.858055
140747474550	-0.519716	-0.442605	-3.953327
140747474550	-0.680924	-0.506811	-3.922585
140747474550	-0.593511	-0.428958	-4.042085
140747474550	-0.460990	-0.523525	-4.134431
140747474550	-0.372832	-0.462374	-4.214129
140747474550	-0.476372	-0.488508	-4.340034
140747474550	-0.631999	-0.449169	-4.376740
140747474550	-0.527680	-0.596621	-4.401949
140747474550	-0.613664	-0.581788	-4.512245
140747474550	-0.556405	-0.667924	-4.513512
140747474550	-0.509981	-0.529063	-4.474366
140747474550	-0.639407	-0.471931	-4.569232
