980652864	1.1633683443	3.7762608528	1.1337170601
980652864	1.1185612679	3.6447844505	1.0401659012
980652864	1.2107268572	3.5255107880	1.0090695620
980652864	1.2289621830	3.4308500290	1.1254702806
980652864	1.0754787922	3.3360447884	1.0811424255
980652864	1.1843045950	3.2589292526	1.1786956787
980652864	1.0812767744	3.2325444221	1.1754280329
980652864	1.1349742413	3.2670259476	1.3122341633
980652864	1.1904765368	3.1204433441	1.2185528278
980652864	1.0303801298	3.1089701653	1.2278304100
980652864	1.0763516426	2.9682836533	1.2041021585
980652864	1.0990978479	2.9050874710	1.1150635481
980652864	1.1839201450	2.7891759872	1.1556135416
980652864	1.1965450048	2.8265776634	0.9979875088
980652864	1.1571325064	2.6909961700	0.9087508917
980652864	1.2793676853	2.6001963615	0.9732221961
980652864	1.2263771296	2.5818567276	0.8612431884
980652864	1.1365022659	2.4619755745	0.8984906077
980652864	1.0559825897	2.3612480164	0.8004661202
980652864	0.9679640532	2.5224580765	0.8397582173
980652864	0.9152172208	2.4321937561	0.7176644802
980652864	0.9146073461	2.5870070457	0.6137641668
980652864	0.8389112353	2.5120286942	0.5301369429
980652864	0.7862000465	2.4386243820	0.5880513191
980652864	0.7825782299	2.5403604507	0.6611948609
980652864	0.6279249191	2.5009541512	0.6408123374
980652864	0.4513440728	2.4925270081	0.5726938248
980652864	0.4908331931	2.3812818527	0.5802737474
980652864	0.5380139351	2.4171075821	0.6845183372
980652864	0.6902058721	2.3451442719	0.6426063776
980652864	0.6165193319	2.3676614761	0.7782437205
980652864	0.4923139811	2.4067649841	0.8806369305
980652864	0.6265321970	2.2791423798	0.8791358471
980652864	0.5326055288	2.2203269005	0.7918109894
980652864	0.6605370045	2.2590479851	0.7746428847
980652864	0.7282342911	2.1029958725	0.7878748775
980652864	0.5553674698	2.0701236725	0.7342741489
980652864	0.4605400264	2.1188421249	0.6613519192
980652864	0.5805020332	2.0386762619	0.5600007772
980652864	0.6754950285	2.0966753960	0.5539959669
980652864	0.5447242856	2.1336693764	0.4446716011
980652864	0.5462534428	2.1318650246	0.5997449756
980652864	0.4379333258	2.0390625000	0.4754087329
980652864	0.2991153598	2.0701069832	0.4230075777
980652864	0.2055009604	2.1185936928	0.5371885300
980652864	0.2872686386	2.2152791023	0.4021286368
980652864	0.2735286355	2.1298370361	0.3372213840
980652864	0.2371766567	2.0283899307	0.2440332174
980652864	0.2123917341	1.8923152685	0.1536234021
980652864	0.1967826486	1.8038758039	0.3192372620
980652864	0.0937342048	1.8542042971	0.3078942597
980652864	0.1296962500	1.7853337526	0.1882969141
980652864	0.0172582865	1.8010882139	0.2528024912
980652864	0.0755652785	1.6515663862	0.3473270535
980652864	0.1056429148	1.5546334982	0.2590708733
980652864	0.1865919828	1.5519987345	0.1596688032
980652864	0.1358916163	1.6463078260	0.2021380663
980652864	0.1516402364	1.7177480459	0.0732989311
980652864	0.2287943363	1.6987432241	0.1345818043
980652864	0.2377669215	1.7090119123	0.2514864206
980652864	0.3517786264	1.6804839373	0.1161795855
980652864	0.4764612913	1.6638752222	0.1026379466
980652864	0.4747044444	1.7556205988	0.2535837889
980652864	0.3483848572	1.6800955534	0.3592110574
980652864	0.4038057923	1.6691135168	0.4818510413
980652864	0.3663723469	1.8106337786	0.4565464556
980652864	0.2948503494	1.9049187899	0.3847479224
980652864	0.1822475791	1.8752554655	0.5019999743
980652864	0.0869670510	1.9310263395	0.3939821422
980652864	0.0236606002	1.7795683146	0.3717828989
980652864	-0.1404684782	1.7202144861	0.3997205794
980652864	-0.1372528076	1.5412291288	0.4058740735
980652864	-0.2699084282	1.6596463919	0.3982450962
980652864	-0.3154137135	1.6235421896	0.2237244844
980652864	-0.4370468855	1.5060764551	0.3047678471
980652864	-0.3988593817	1.4768930674	0.4534058571
980652864	-0.2641469240	1.4378787279	0.4330842495
980652864	-0.2049648762	1.2675672770	0.4518808424
980652864	-0.0882314444	1.2591167688	0.4387506843
980652864	-0.0513913035	1.1071323156	0.4865019917
980652864	-0.1354578733	1.0582176447	0.6101552248
980652864	-0.2079513073	1.0104805231	0.7320372462
980652864	-0.1331640482	0.9854441881	0.8454034925
980652864	0.0014103651	0.9001016617	0.8664134741
980652864	0.1106376648	0.8590993881	0.9795840383
980652864	0.1345590949	0.9554508924	0.8712639809
980652864	0.2333221436	0.9757064581	0.7993019223
980652864	0.2457478642	0.9454536438	0.6290296912
980652864	0.2324600220	1.0756572485	0.5238699317
980652864	0.2355115414	1.1181095839	0.3628458381
980652864	0.2245683670	1.0340253115	0.2137809992
980652864	0.1808276772	1.2030926943	0.1764174700
980652864	0.2235673070	1.3649643660	0.2493413687
980652864	0.2194777131	1.2420550585	0.2967326641
980652864	0.0302769542	1.2435857058	0.3070254624
980652864	-0.0009130239	1.2845693827	0.2080152631
980652864	-0.1411303282	1.2004543543	0.2853476405
980652864	-0.2512152195	1.1548031569	0.1801757216
980652864	-0.1786744595	1.0522817373	0.0945014358
980652864	-0.2300696373	0.9773987532	0.1850550771
980652864	-0.1333880424	0.9438745975	0.0625126958
980652864	-0.2854713202	0.9687721729	0.1020161510
980652864	-0.4283581972	0.9614202976	0.1393273473
980652864	-0.4976952076	0.8409618139	0.1496947408
980652864	-0.3790547848	0.8218860626	0.2405394912
980652864	-0.2986094952	0.8457381725	0.3920941651
980652864	-0.3772205114	0.8490891457	0.4983270466
980652864	-0.4611924887	0.9748053551	0.4282354116
980652864	-0.4311461449	0.8454589844	0.3259950280
980652864	-0.4899773598	0.7435483932	0.4226207435
980652864	-0.5949972868	0.6377201080	0.3748973608
980652864	-0.7381259203	0.6046917439	0.3691549301
980652864	-0.6695641279	0.4741052389	0.4279154241
980652864	-0.6551331282	0.3274116516	0.5130102038
980652864	-0.7671701908	0.1850827932	0.5358583927
980652864	-0.8718683720	0.0494557619	0.6110439897
980652864	-0.9040216208	-0.0929756165	0.7273397446
980652864	-0.8530077934	-0.1279388070	0.8652158976
980652864	-0.8399853706	-0.2755786777	0.8048555851
980652864	-0.7972531319	-0.1941049099	0.9307566881
980652864	-0.8701988459	-0.2737620473	1.0674741268
980652864	-0.9844391346	-0.1875029802	0.9806109071
980652864	-0.9796957970	-0.2965095043	0.9618960023
980652864	-1.0199739933	-0.2421385050	1.1041858196
980652864	-1.0038812160	-0.4139077067	1.1430313587
980652864	-0.9580272436	-0.4186584353	0.9950047135
980652864	-0.9150599241	-0.4977251887	0.8638657331
980652864	-0.8214430809	-0.4319936037	0.8060752153
980652864	-0.7488341331	-0.3927393556	0.9069861174
980652864	-0.5957618952	-0.4421409965	0.9380946159
980652864	-0.5566413403	-0.5516394377	1.0132901669
980652864	-0.4547061920	-0.5292286873	1.1096472740
980652864	-0.5772974491	-0.6408145428	1.1036572456
980652864	-0.4376962185	-0.7150642872	1.1483688354
980652864	-0.4208348989	-0.6916764379	1.0302622318
980652864	-0.2651920319	-0.6282933950	1.0243442059
980652864	-0.2426371574	-0.7603505254	0.9079822302
980652864	-0.0793318748	-0.8209888935	0.9142932892
980652864	-0.1296173334	-0.9108121395	0.9546790123
980652864	-0.1818748713	-0.8782816529	1.0464688540
980652864	-0.2458481789	-0.8893091679	1.1983163357
980652864	-0.2410806417	-0.8661261201	1.3270161152
980652864	-0.3465765715	-0.9601548910	1.3626284599
980652864	-0.3092255592	-0.7923543453	1.2848532200
980652864	-0.2883937359	-0.6773020029	1.2669275999
980652864	-0.2490345240	-0.5382276773	1.2082734108
980652864	-0.3766196966	-0.6157363057	1.1647429466
980652864	-0.3997226954	-0.5630286932	0.9954490662
980652864	-0.3167994022	-0.5241766572	0.9459993839
980652864	-0.4055401087	-0.5425534248	0.8220499754
980652864	-0.3871753216	-0.4693313837	0.6577232480
980652864	-0.5572506189	-0.4486031532	0.7303183079
980652864	-0.5436352491	-0.4579836130	0.5606358051
980652864	-0.5175591707	-0.5767471790	0.5805819035
980652864	-0.6362910271	-0.6880415082	0.5501844883
980652864	-0.7428954840	-0.6836902499	0.5369903445
980652864	-0.7555131912	-0.5447328091	0.5964931250
980652864	-0.6411621571	-0.5566809177	0.6276090145
980652864	-0.6256866455	-0.7197127342	0.6631908417
980652864	-0.6315128803	-0.7876946926	0.7509554029
980652864	-0.7280761003	-0.6820682287	0.7744456530
980652864	-0.7909212112	-0.8011797667	0.8534290195
980652864	-0.7276349068	-0.6982948184	0.9479240179
980652864	-0.6433309317	-0.8454738855	1.0323832035
980652864	-0.8273248672	-0.8457235098	0.9966155291
980652864	-0.8140685558	-0.8481554985	1.1158257723
980652864	-0.7106440067	-0.8823032379	1.1024363041
980652864	-0.6726971865	-0.8794901371	0.9418995976
980652864	-0.5593895912	-0.9973171353	0.9149606824
980652864	-0.4512041807	-0.9356341958	0.8880323768
980652864	-0.3789733648	-1.0816943645	0.9790995121
980652864	-0.4958270788	-0.9535676241	1.0199084282
980652864	-0.5828033686	-0.9180630445	1.1109516621
980652864	-0.5959360600	-0.9569387436	1.2959587574
980652864	-0.7081167698	-1.0132704973	1.4174284935
980652864	-0.7747377157	-1.0125035048	1.2694334984
980652864	-0.7251102924	-0.8848086596	1.3169907331
980652864	-0.7980802059	-0.7290581465	1.3323366642
980652864	-0.7302474976	-0.6882150769	1.1838274002
980652864	-0.8532236814	-0.5986478329	1.2107461691
980652864	-0.7325167656	-0.5918127298	1.3364920616
980652864	-0.8360514641	-0.5932092667	1.3658509254
980652864	-0.9248150587	-0.6393626928	1.2760491371
980652864	-1.0538076162	-0.7025496960	1.2607210875
980652864	-0.9461237192	-0.7646483183	1.1396977901
980652864	-0.8612505198	-0.7139090300	1.1049367189
980652864	-0.8837840557	-0.7359218597	0.9685682058
980652864	-0.8120099306	-0.5786156654	0.9104289412
980652864	-0.7332438231	-0.5273431540	0.8267357349
980652864	-0.8471887112	-0.5018875599	0.7307544947
980652864	-1.0138636827	-0.4659160972	0.6770701408
980652864	-1.0857276917	-0.5931495428	0.6740652323
980652864	-1.0231406689	-0.6458181143	0.8051061034
980652864	-1.0167002678	-0.7181636095	0.9082964063
980652864	-1.1324589252	-0.8114466667	1.0151128769
980652864	-1.2833003998	-0.7603738308	0.9827623367
980652864	-1.3107910156	-0.8926229477	0.9942921996
980652864	-1.4166076183	-1.0030082464	1.0698635578
980652864	-1.3131225109	-1.0584996939	1.2168343067
980652864	-1.1359450817	-1.0661487579	1.1617193222
980652864	-1.2285549641	-1.1405016184	1.1252853870
980652864	-1.2772381306	-1.2522798777	1.0064671040
980652864	-1.3189723492	-1.1670999527	0.8550165296
980652864	-1.2899093628	-1.0729869604	0.7029669881
980652864	-1.1990077496	-1.0647799969	0.8281462193
980652864	-1.2111208439	-1.1963444948	0.7445458770
980652864	-1.0371680260	-1.1717262268	0.6999341846
980652864	-1.1069025993	-1.1201562881	0.8517217040
980652864	-1.0144498348	-1.1403092146	0.9106607437
980652864	-1.1201090813	-1.0129400492	0.9223060012
980652864	-1.0637023449	-1.0055664778	1.0053352118
980652864	-0.9744727612	-1.0386164188	1.1048481464
980652864	-0.9619514942	-1.2207677364	1.0713498592
980652864	-1.0300393105	-1.3334727287	1.0615160465
980652864	-1.0060588121	-1.4489002228	1.0389661789
980652864	-1.0189834833	-1.3541066647	0.9229280949
980652864	-0.9265105724	-1.3027429581	0.8424690366
980652864	-1.0176670551	-1.4622762203	0.8124807477
980652864	-0.9074721336	-1.4295120239	0.8289470077
980652864	-0.8646967411	-1.5951157808	0.7848598957
980652864	-0.7792080641	-1.7426741123	0.7327544689
980652864	-0.8765023947	-1.6859579086	0.6675300002
980652864	-0.7626554966	-1.5944495201	0.6348328590
980652864	-0.6083914042	-1.5594866276	0.5639309883
980652864	-0.5630022287	-1.6881096363	0.4535524845
980652864	-0.6803773642	-1.6683769226	0.3133054078
980652864	-0.8100824356	-1.6102361679	0.3054029346
980652864	-0.6936784983	-1.5223848820	0.4208903313
980652864	-0.6987785101	-1.4893189669	0.2898543477
980652864	-0.6138740778	-1.5961875916	0.2902593613
980652864	-0.5261187553	-1.7068331242	0.2794032693
980652864	-0.5457122326	-1.8606305122	0.2355738878
980652864	-0.4867074490	-1.9561121464	0.3799107671
980652864	-0.4360847473	-2.0357916355	0.3112158179
980652864	-0.5175224543	-2.0838503838	0.2164984345
980652864	-0.4839587212	-2.1864690781	0.1377606988
980652864	-0.3315595388	-2.2469575405	0.1434177756
980652864	-0.3965463638	-2.2241554260	0.0188989639
980652864	-0.4559785128	-2.1251230240	-0.0422016978
980652864	-0.5424417257	-2.0521147251	0.0544596910
980652864	-0.3975802660	-2.1020693779	0.1390658021
980652864	-0.4701583385	-1.9748454094	0.0834500194
980652864	-0.4176837206	-1.8192195892	0.1564089656
980652864	-0.3438096046	-1.8853136301	0.0780044794
980652864	-0.3402999640	-1.7854375839	0.2265561819
980652864	-0.2383117676	-1.8093062639	0.2170552015
980652864	-0.1342653036	-1.7586116791	0.3339765072
980652864	-0.0520173311	-1.6053737402	0.3266364336
980652864	-0.0547837019	-1.4844813347	0.3238336742
980652864	-0.0522404313	-1.5437006950	0.4119996130
980652864	-0.1793572903	-1.6804487705	0.4153540432
980652864	-0.2413879633	-1.5475327969	0.4362853467
980652864	-0.3626946211	-1.4746837616	0.4831154943
980652864	-0.3091803789	-1.4380306005	0.5968120098
980652864	-0.3539503813	-1.3430007696	0.4540351927
980652864	-0.4078561068	-1.4407775402	0.3167136610
980652864	-0.2967268229	-1.4783866405	0.2185868025
980652864	-0.1602069139	-1.4839944839	0.1144599319
980652864	-0.0390272737	-1.4292577505	0.0791175365
980652864	-0.1329932213	-1.4278554916	-0.0427154899
980652864	-0.1220870018	-1.3726249933	0.0732107162
980652864	-0.0665602684	-1.4286564589	0.2135156989
980652864	0.0478088260	-1.3482702971	0.3315549195
980652864	0.0484555960	-1.3951587677	0.2160974145
980652864	-0.0502170324	-1.3310536146	0.2596340775
980652864	-0.1180276871	-1.3836429119	0.4073402882
980652864	-0.2297079563	-1.2539175749	0.4124765694
980652864	-0.2801516056	-1.2766667604	0.5490228534
980652864	-0.3224499226	-1.1572101116	0.4526998699
980652864	-0.3949570656	-1.2042441368	0.5327241421
980652864	-0.3103172779	-1.0392326117	0.5470652580
980652864	-0.3381021023	-0.9231046438	0.4655992687
980652864	-0.4609107971	-0.9090675712	0.6095622182
980652864	-0.4693833590	-1.0200127363	0.6944496036
980652864	-0.3974579573	-1.1377063990	0.7740601301
980652864	-0.3891102076	-1.0593500137	0.6239047050
980652864	-0.3676822186	-1.0417994261	0.7830052972
980652864	-0.4950982332	-1.1092070341	0.8711525798
980652864	-0.4248619080	-1.2406173944	0.7898071408
980652864	-0.2995682955	-1.1526672840	0.7342471480
980652864	-0.2365412712	-1.0086004734	0.8235262036
980652864	-0.1295402050	-1.0270876884	0.9090731144
980652864	-0.2095832825	-1.1340019703	0.8801215291
980652864	-0.1443327665	-1.2867178917	0.8685444593
980652864	-0.1855310202	-1.4237253666	0.9315840006
980652864	-0.2040343285	-1.3859695196	0.7705902457
980652864	-0.3340715170	-1.4803152084	0.6878656149
980652864	-0.4161285162	-1.5162897110	0.8037781119
980652864	-0.4425017834	-1.3858385086	0.7005863786
980652864	-0.5399336815	-1.4476326704	0.5895686150
980652864	-0.5696756840	-1.3795506954	0.6647055149
980652864	-0.5739130974	-1.2714121342	0.6525245309
980652864	-0.6547560692	-1.1597445011	0.7420160174
980652864	-0.5577685833	-1.2000659704	0.8219272494
980652864	-0.6168826818	-1.0577708483	0.7731752992
980652864	-0.6416177750	-1.0245761871	0.6695700884
980652864	-0.6527915001	-0.8857294917	0.6972310543
980652864	-0.6416661739	-0.8623425364	0.5585880280
980652864	-0.7066551447	-0.7764623761	0.6031689048
980652864	-0.7291358709	-0.9509314895	0.6627720594
980652864	-0.8720481396	-0.9931182265	0.6009035707
980652864	-0.8790544271	-1.1149742603	0.5166722536
980652864	-0.7685029507	-1.1194522381	0.5512538552
980652864	-0.6905198097	-1.0375031233	0.4902841747
980652864	-0.6221014261	-0.9972894192	0.3733390272
980652864	-0.6330198050	-0.9298727512	0.2741893530
980652864	-0.5810893774	-0.9110000134	0.1412453651
980652864	-0.4702419043	-0.8803082108	0.0399419665
980652864	-0.4962732792	-1.0055103302	0.0802862048
980652864	-0.3532080650	-0.9504919648	0.1738007665
980652864	-0.3785259724	-1.0722281933	0.1131291986
980652864	-0.2572027445	-1.2059398890	0.0649136305
980652864	-0.2303860188	-1.2598025799	0.2038096189
980652864	-0.3155359030	-1.2919260263	0.1215209365
980652864	-0.4232252836	-1.2235049009	0.0402736068
980652864	-0.3202447891	-1.2581927776	-0.1017068028
980652864	-0.4523957968	-1.1901621819	-0.0995027423
980652864	-0.6214437485	-1.1188274622	-0.1198533773
980652864	-0.5746005774	-1.0843422413	-0.2134364843
980652864	-0.6548068523	-1.1420874596	-0.3628394604
980652864	-0.6522992849	-1.2846686840	-0.4687981606
980652864	-0.4921038151	-1.2973778248	-0.5566689968
980652864	-0.5000149012	-1.2729827166	-0.4503023624
980652864	-0.3636209965	-1.2582489252	-0.3805278540
980652864	-0.3102250099	-1.1918718815	-0.5395810604
980652864	-0.2292764187	-1.1535564661	-0.3940509558
980652864	-0.3276112080	-1.1626809835	-0.3326919079
980652864	-0.3759056330	-1.0640153885	-0.2882136106
980652864	-0.3978624344	-0.9714825153	-0.4381948709
980652864	-0.3279156685	-0.9181549549	-0.2850960493
980652864	-0.2590563297	-0.9055530429	-0.4428877831
980652864	-0.1440161467	-0.7890944481	-0.3806571960
980652864	-0.0870169401	-0.7707100511	-0.5278494358
980652864	-0.0003310442	-0.9050194025	-0.5234197378
980652864	-0.0850219727	-1.0098174810	-0.5231204033
980652864	0.0386662483	-1.0448426008	-0.5479938984
980652864	0.1537691951	-0.9025192857	-0.5066752434
980652864	0.2786628604	-0.8322660923	-0.5304460526
980652864	0.2918137312	-0.9861894250	-0.4596889019
980652864	0.2380507588	-1.1443961859	-0.4129776955
980652864	0.2394583225	-0.9730117917	-0.3744505644
980652864	0.2402213216	-0.8563863635	-0.3137595654
980652864	0.1283166409	-0.7971960306	-0.3322101831
980652864	0.0862475634	-0.8060448170	-0.4955848455
980652864	0.1067227125	-0.8609390259	-0.6107912064
980652864	0.1099933982	-0.9631844759	-0.6856937408
980652864	0.2445833683	-1.0176789761	-0.7125759125
980652864	0.2720946074	-1.1448322535	-0.7306395769
980652864	0.1782805324	-1.1262286901	-0.5714967251
980652864	0.0440027714	-1.1483148336	-0.6539895535
980652864	0.0720108747	-1.0547060966	-0.7069749832
980652864	0.0134724379	-1.1084828377	-0.8340979815
980652864	-0.1070240736	-1.2367997169	-0.8293833733
980652864	-0.1044471264	-1.1610203981	-0.6983064413
980652864	-0.2938640118	-1.1614003181	-0.6940701008
980652864	-0.2167289257	-1.0806729794	-0.8325386047
980652864	-0.2023988962	-0.9824961424	-0.9689285755
980652864	-0.0895239115	-1.0240435600	-0.8847723007
980652864	-0.1248655319	-1.1082445383	-1.0089577436
980652864	-0.0716502666	-1.1407274008	-1.1066863537
980652864	-0.0451906919	-1.1333575249	-1.2820512056
980652864	0.0672115684	-1.0684992075	-1.2102960348
980652864	0.0287738442	-0.9019201398	-1.2214530706
980652864	0.1535181403	-0.7923258543	-1.1989184618
980652864	0.3243138790	-0.7838490605	-1.1303812265
980652864	0.3137266040	-0.6605052948	-1.2089310884
980652864	0.3516387343	-0.5891480446	-1.3715242147
980652864	0.2233474851	-0.6753526926	-1.3662093878
980652864	0.2346015573	-0.7530094385	-1.4416905642
980652864	0.1739320159	-0.6209199429	-1.5475698709
980652864	0.0758138895	-0.4819206595	-1.5132709742
980652864	0.1313070059	-0.3340992332	-1.4514292479
980652864	0.2390176654	-0.2575917840	-1.4736624956
980652864	0.2458523512	-0.2600247264	-1.3438962698
980652864	0.3195209503	-0.1779517531	-1.4922586679
980652864	0.4408274889	-0.0552945733	-1.5657140017
980652864	0.3730805516	-0.1451093554	-1.7127841711
980652864	0.5490276814	-0.0978682041	-1.6684170961
980652864	0.5310131311	0.0625697374	-1.6964448690
980652864	0.4974653721	0.1641310453	-1.7951349020
980652864	0.5416616201	0.2514413595	-1.8429888487
980652864	0.4291273355	0.1207147837	-1.8763817549
980652864	0.4854750335	0.0320863724	-1.8102158308
980652864	0.3828948140	-0.0026705265	-1.8708089590
980652864	0.4259359837	-0.0670418143	-1.7821112871
980652864	0.4136663079	-0.1012996435	-1.9121423960
980652864	0.4934155047	0.0333164930	-1.9865070581
980652864	0.4720349908	-0.0536657572	-2.0815558434
980652864	0.4656644464	-0.2299230695	-2.1300845146
980652864	0.3697758913	-0.1802535057	-2.0077977180
980652864	0.3063064814	-0.0977782607	-2.0257849693
980652864	0.1496132016	-0.1071133614	-2.1143407822
980652864	0.1350539923	-0.0037193298	-2.0925416946
980652864	0.0528674722	0.0868564844	-2.2145004272
980652864	0.0427808166	0.2118787766	-2.2758297920
980652864	0.0848170519	0.3308193684	-2.2917246819
980652864	0.0776061416	0.3048957586	-2.1748580933
980652864	0.0928405523	0.3496420383	-2.0745306015
980652864	-0.0314977765	0.3000886440	-1.9494882822
980652864	0.0599488616	0.2863384485	-1.8945571184
980652864	0.2061721683	0.2332978249	-1.9316798449
980652864	0.2819781899	0.1236945391	-1.9033180475
980652864	0.3613397479	0.2469784021	-1.8112670183
980652864	0.2725358009	0.2320361137	-1.7241629362
980652864	0.1842561960	0.1339918375	-1.7271822691
980652864	0.1867583990	0.0565028191	-1.5639990568
980652864	0.3200794458	-0.0495615602	-1.4869872332
980652864	0.3964381218	0.0911247730	-1.5041841269
980652864	0.4423237145	0.2066109180	-1.6330126524
980652864	0.4013690948	0.3690295219	-1.6331092119
980652864	0.4838672578	0.5114181042	-1.5504461527
980652864	0.4082921147	0.6068812609	-1.5270470381
980652864	0.5297042131	0.5938074589	-1.4114645720
980652864	0.5911437273	0.5022926331	-1.4266563654
980652864	0.5587625504	0.3896523714	-1.3525832891
980652864	0.6345832348	0.3743004799	-1.2843965292
980652864	0.6438527107	0.3517453671	-1.1121832132
980652864	0.7655950785	0.3313579559	-0.9928411245
980652864	0.8973635435	0.2375302315	-1.0188565254
980652864	0.9608618617	0.2829455137	-1.1003597975
980652864	1.0831557512	0.3361721039	-1.2169996500
980652864	1.0658631325	0.4473537207	-1.3076716661
980652864	1.1871260405	0.4372780323	-1.1919139624
980652864	1.2419521809	0.4657639265	-1.0358794928
980652864	1.1418464184	0.6021400690	-1.0365985632
980652864	1.0462962389	0.4865819216	-0.9587812424
980652864	1.0114923716	0.6174644232	-0.9241932631
980652864	0.9431432486	0.4721418619	-0.9303900003
980652864	0.9373240471	0.5740112066	-0.7792156935
980652864	0.8093664646	0.6759270430	-0.7720777988
980652864	0.8042861819	0.6994413137	-0.6397446394
980652864	0.8237946033	0.8500157595	-0.5847735405
980652864	0.6684351563	0.7788956165	-0.5254517794
980652864	0.7123618126	0.9169805050	-0.6439802647
980652864	0.6365674138	0.9384764433	-0.5140395164
980652864	0.5074296594	0.9345453978	-0.4985599518
980652864	0.4718808234	1.0664783716	-0.4753375053
980652864	0.4099692106	1.0453983545	-0.5871194601
980652864	0.4468771517	0.9696757793	-0.7531509399
980652864	0.5694137812	0.9916938543	-0.6932492256
980652864	0.4639174342	0.8609552383	-0.6340798140
980652864	0.3260622621	0.9121236801	-0.7041171789
980652864	0.3485100269	0.8007588387	-0.6304360628
980652864	0.4162288308	0.6589214802	-0.7217986584
980652864	0.5500287414	0.7619519234	-0.6695665121
980652864	0.4728297293	0.8574726582	-0.7447695732
980652864	0.4701437354	0.9838830233	-0.8590843678
980652864	0.3299210072	1.0368057489	-0.7678104639
980652864	0.2915543318	0.9097912312	-0.8350602388
980652864	0.2742691040	0.8163970709	-0.7978503704
980652864	0.1860181689	0.6565046310	-0.7726646662
980652864	0.1807351112	0.5969047546	-0.8852856159
980652864	0.0937092304	0.5145772696	-0.9244418144
980652864	0.0034942627	0.4339804649	-1.0326387882
980652864	0.0542696714	0.3739095926	-0.9633510113
980652864	-0.0325669646	0.2144144773	-0.9616769552
980652864	-0.0405731797	0.2202301025	-1.0899947882
980652864	0.1325559616	0.1963399649	-1.1301094294
980652864	0.0905784369	0.2708461285	-1.0289590359
980652864	0.1517483592	0.3500171900	-1.0300357342
980652864	0.1325120926	0.3941526413	-1.2080241442
980652864	0.2892087102	0.3963739872	-1.1944179535
980652864	0.4421840608	0.4253950119	-1.2651892900
980652864	0.5326531529	0.4379245043	-1.1284049749
980652864	0.6829391718	0.5039416552	-1.0877416134
980652864	0.8029757142	0.5082541704	-0.9688063860
980652864	0.8820109367	0.3910360336	-1.0794001818
980652864	0.8536847234	0.5686681271	-1.1337261200
980652864	0.8962931633	0.4738044739	-1.2479799986
980652864	0.9844101667	0.4666444063	-1.3733564615
980652864	0.9793387055	0.3373465538	-1.3059221506
980652864	0.9978789091	0.4006751776	-1.1728174686
980652864	1.0286393166	0.5663648844	-1.2092832327
980652864	1.1143994331	0.6477147341	-1.2273010015
980652864	1.0353320837	0.6403611898	-1.2911430597
980652864	1.0767360926	0.7145351171	-1.4210704565
980652864	0.9823665619	0.5899554491	-1.4076505899
980652864	0.8986277580	0.6505736113	-1.3360773325
980652864	0.7336412668	0.6966342926	-1.3938575983
980652864	0.8029350042	0.8591847420	-1.3733562231
980652864	0.8562695980	0.9335230589	-1.2133895159
980652864	0.8482722640	1.0462228060	-1.3127001524
980652864	0.7995020747	1.0716263056	-1.2060676813
980652864	0.8172333837	1.0911043882	-1.0943756104
980652864	0.7527980804	0.9899588823	-1.0794951916
980652864	0.7695853710	0.8546718359	-0.9550377131
980652864	0.8308498859	0.9502232075	-0.9675580263
980652864	0.9216247797	0.8336256742	-0.9793339968
980652864	0.9965811372	0.7789454460	-0.8940714598
980652864	1.0280175209	0.8307976723	-0.9960174561
980652864	1.1254638433	0.8496274948	-0.9662874937
980652864	1.1595333815	0.7854895592	-0.8213591576
980652864	1.2659484148	0.6500101089	-0.7626466751
980652864	1.4141387939	0.5425778627	-0.7241503000
980652864	1.4022407532	0.4321014881	-0.7761369944
980652864	1.3086000681	0.3823372126	-0.8454242945
980652864	1.1764978170	0.4913152456	-0.7870573997
980652864	1.2381266356	0.3977404833	-0.6668715477
980652864	1.2207756042	0.2922694683	-0.6096383333
980652864	1.2024779320	0.1564286947	-0.6897637844
980652864	1.1296259165	0.2727667093	-0.6662501097
980652864	1.1858958006	0.3105959892	-0.7689881325
980652864	1.0369205475	0.3967502117	-0.7377878428
980652864	0.9071993232	0.3136289120	-0.6280673742
980652864	0.8811200857	0.1431956291	-0.6574609280
980652864	0.9939576387	0.1190314293	-0.5845599174
980652864	1.0268497467	0.0262929201	-0.6835029125
980652864	1.0791723728	0.0143320560	-0.5501031876
980652864	1.1320539713	0.0525331497	-0.4224443436
980652864	1.1199018955	-0.0547072887	-0.3063944578
980652864	1.1395220757	-0.1557368636	-0.1550681591
980652864	1.2173141241	-0.0804634094	-0.2591964006
