1 -0.6315150000 0.909834 -0.9988000000
1 -0.6021070000 1.00713 -0.9951800000
1 -0.5651800000 1.09794 -0.9700300000
1 -0.5212500000 1.18148 -0.9238800000
1 -0.4709030000 1.25701 -0.8577300000
1 -0.4147920000 1.32387 -0.7730100000
1 -0.3536280000 1.38147 -0.6715600000
1 -0.2881700000 1.42931 -0.5555700000
1 -0.2192260000 1.46696 -0.4275600000
1 -0.1476350000 1.4941 -0.2902800000
1 -0.0742647000 1.51048 -0.1467300000
1 0.0000000054 1.51595 0.0000000000
1 0.0742647000 1.51048 0.1467300000
1 0.1476350000 1.4941 0.2902800000
1 0.2192260000 1.46696 0.4275600000
1 0.2881700000 1.42931 0.5555700000
1 0.3536280000 1.38147 0.6715600000
1 0.4147920000 1.32387 0.7730100000
1 0.4709030000 1.25701 0.8577300000
1 0.5212500000 1.18148 0.9238800000
1 0.5651800000 1.09794 0.9700300000
1 0.6021070000 1.00713 0.9951800000
1 0.6315150000 0.909834 0.9988000000
1 0.6529650000 0.806909 0.9807900000
1 0.6660990000 0.699246 0.9415400000
1 0.6706450000 0.58778 0.8819200000
1 0.6664170000 0.473475 0.8032100000
1 0.6533210000 0.357313 0.7071100000
1 0.6313520000 0.240291 0.5957000000
1 0.6006000000 0.123405 0.4714000000
1 0.5612420000 0.00764541 0.3368900000
1 0.5135480000 -0.106014 0.1950900000
1 0.4578750000 -0.216625 0.0490700000
1 0.3946620000 -0.323273 -0.0980200000
1 0.3244290000 -0.425089 -0.2429800000
1 0.2477740000 -0.52125 -0.3826800000
1 0.1653610000 -0.610994 -0.5141000000
1 0.0779199000 -0.693626 -0.6343900000
1 -0.0137637000 -0.768518 -0.7409500000
1 -0.1088550000 -0.835122 -0.8314700000
1 -0.2064760000 -0.892971 -0.9039900000
1 -0.3057190000 -0.941685 -0.9569400000
1 -0.4056490000 -0.980973 -0.9891800000
1 -0.5053170000 -1.01063 -1.0000000000
1 -0.6037680000 -1.03056 -0.9891800000
1 -0.7000490000 -1.04074 -0.9569400000
1 -0.7932190000 -1.04126 -0.9039900000
1 -0.8823600000 -1.03229 -0.8314700000
1 -0.9665830000 -1.01408 -0.7409500000
1 -1.0450400000 -0.986997 -0.6343900000
1 -1.1169200000 -0.951467 -0.5141000000
1 -1.1814800000 -0.908002 -0.3826800000
1 -1.2380300000 -0.85719 -0.2429800000
1 -1.2859600000 -0.799683 -0.0980200000
1 -1.3247200000 -0.736194 0.0490700000
1 -1.3538600000 -0.667492 0.1950900000
1 -1.3729900000 -0.594388 0.3368900000
1 -1.3818300000 -0.517735 0.4714000000
1 -1.3801800000 -0.43841 0.5957000000
1 -1.3679500000 -0.357313 0.7071100000
1 -1.3451200000 -0.275356 0.8032100000
1 -1.3117800000 -0.19345 0.8819200000
1 -1.2681300000 -0.112503 0.9415400000
1 -1.2144400000 -0.0334028 0.9807900000
1 -1.1510800000 0.0429847 0.9988000000
1 -1.0785200000 0.115828 0.9951800000
1 -0.9972810000 0.184338 0.9700300000
1 -0.9080020000 0.247774 0.9238800000
1 -0.8113760000 0.305452 0.8577300000
1 -0.7081640000 0.356753 0.7730100000
1 -0.5991920000 0.401126 0.6715600000
1 -0.4853350000 0.438097 0.5555700000
1 -0.3675170000 0.467269 0.4275600000
1 -0.2466950000 0.488331 0.2902800000
1 -0.1238540000 0.501059 0.1467300000
1 0.0000000000 0.505317 0.0000000000
1 0.1238540000 0.501059 -0.1467300000
1 0.2466950000 0.488331 -0.2902800000
1 0.3675170000 0.467269 -0.4275600000
1 0.4853350000 0.438097 -0.5555700000
1 0.5991920000 0.401126 -0.6715600000
1 0.7081640000 0.356753 -0.7730100000
1 0.8113760000 0.305452 -0.8577300000
1 0.9080020000 0.247774 -0.9238800000
1 0.9972810000 0.184338 -0.9700300000
1 1.0785200000 0.115828 -0.9951800000
1 1.1510800000 0.0429847 -0.9988000000
1 1.2144400000 -0.0334028 -0.9807900000
1 1.2681300000 -0.112503 -0.9415400000
1 1.3117800000 -0.19345 -0.8819200000
1 1.3451200000 -0.275356 -0.8032100000
1 1.3679500000 -0.357313 -0.7071100000
1 1.3801800000 -0.43841 -0.5957000000
1 1.3818300000 -0.517735 -0.4714000000
1 1.3729900000 -0.594388 -0.3368900000
1 1.3538600000 -0.667492 -0.1950900000
1 1.3247200000 -0.736194 -0.0490700000
1 1.2859600000 -0.799683 0.0980200000
1 1.2380300000 -0.85719 0.2429800000
1 1.1814800000 -0.908002 0.3826800000
1 1.1169200000 -0.951467 0.5141000000
1 1.0450400000 -0.986997 0.6343900000
1 0.9665830000 -1.01408 0.7409500000
1 0.8823600000 -1.03229 0.8314700000
1 0.7932190000 -1.04126 0.9039900000
1 0.7000490000 -1.04074 0.9569400000
1 0.6037680000 -1.03056 0.9891800000
1 0.5053170000 -1.01063 1.0000000000
1 0.4056490000 -0.980973 0.9891800000
1 0.3057190000 -0.941685 0.9569400000
1 0.2064760000 -0.892971 0.9039900000
1 0.1088550000 -0.835122 0.8314700000
1 0.0137637000 -0.768518 0.7409500000
1 -0.0779199000 -0.693626 0.6343900000
1 -0.1653610000 -0.610994 0.5141000000
1 -0.2477740000 -0.52125 0.3826800000
1 -0.3244290000 -0.425089 0.2429800000
1 -0.3946620000 -0.323273 0.0980200000
1 -0.4578750000 -0.216625 -0.0490700000
1 -0.5135480000 -0.106014 -0.1950900000
1 -0.5612420000 0.00764541 -0.3368900000
1 -0.6006000000 0.123405 -0.4714000000
1 -0.6313520000 0.240291 -0.5957000000
1 -0.6533210000 0.357313 -0.7071100000
1 -0.6664170000 0.473475 -0.8032100000
1 -0.6706450000 0.58778 -0.8819200000
1 -0.6660990000 0.699246 -0.9415400000
1 -0.6529650000 0.806909 -0.9807900000
