1 0 -0.757975 -4.5
1 0.185781 -0.751589 -4.64673
1 0.370042 -0.732497 -4.79028
1 0.551275 -0.700903 -4.92756
1 0.728003 -0.657145 -5.05557
1 0.898787 -0.601689 -5.17156
1 1.06225 -0.53513 -5.27301
1 1.21706 -0.458179 -5.35773
1 1.362 -0.371661 -5.42388
1 1.49592 -0.276507 -5.47003
1 1.61777 -0.173743 -5.49518
1 1.72663 -0.0644771 -5.4988
1 1.82166 0.0501043 -5.48079
1 1.9022 0.168754 -5.44154
1 1.96768 0.290176 -5.38192
1 2.01768 0.413034 -5.30321
1 2.05192 0.53597 -5.20711
1 2.07027 0.657614 -5.0957
1 2.07275 0.776602 -4.9714
1 2.05949 0.891583 -4.83689
1 2.03079 1.00124 -4.69509
1 1.98709 1.10429 -4.54907
1 1.92894 1.19952 -4.40198
1 1.85705 1.28579 -4.25702
1 1.77222 1.362 -4.11732
1 1.67538 1.4272 -3.9859
1 1.56755 1.4805 -3.86561
1 1.44987 1.52112 -3.75905
1 1.32354 1.54843 -3.66853
1 1.18983 1.56189 -3.59601
1 1.05007 1.56112 -3.54306
1 0.905652 1.54584 -3.51082
1 0.757975 1.51595 -3.5
1 0.608473 1.47146 -3.51082
1 0.458578 1.41253 -3.54306
1 0.309714 1.33946 -3.59601
1 0.163282 1.25268 -3.66853
1 0.0206456 1.15278 -3.75905
1 -0.11688 1.04044 -3.86561
1 -0.248042 0.916492 -3.9859
1 -0.371661 0.781874 -4.11732
1 -0.486644 0.637633 -4.25702
1 -0.591992 0.48491 -4.40198
1 -0.686812 0.324937 -4.54907
1 -0.770322 0.159021 -4.69509
1 -0.841863 -0.0114681 -4.83689
1 -0.900899 -0.185107 -4.9714
1 -0.947028 -0.360436 -5.0957
1 -0.979981 -0.53597 -5.20711
1 -0.999626 -0.710212 -5.30321
1 -1.00597 -0.88167 -5.38192
1 -0.999149 -1.04887 -5.44154
1 -0.979447 -1.21036 -5.48079
1 -0.947272 -1.36475 -5.4988
1 -0.90316 -1.51069 -5.49518
1 -0.84777 -1.64691 -5.47003
1 -0.781874 -1.77222 -5.42388
1 -0.706355 -1.88551 -5.35773
1 -0.622189 -1.9858 -5.27301
1 -0.530441 -2.07221 -5.17156
1 -0.432256 -2.14397 -5.05557
1 -0.328839 -2.20045 -4.92756
1 -0.221453 -2.24115 -4.79028
1 -0.111397 -2.26571 -4.64673
1 -8.16292e-09 -2.27393 -4.5
1 0.111397 -2.26571 -4.35327
1 0.221453 -2.24115 -4.20972
1 0.328839 -2.20045 -4.07244
1 0.432256 -2.14397 -3.94443
1 0.530441 -2.07221 -3.82844
1 0.622189 -1.9858 -3.72699
1 0.706355 -1.88551 -3.64227
1 0.781874 -1.77222 -3.57612
1 0.84777 -1.64691 -3.52997
1 0.90316 -1.51069 -3.50482
1 0.947272 -1.36475 -3.5012
1 0.979447 -1.21036 -3.51921
1 0.999149 -1.04887 -3.55846
1 1.00597 -0.88167 -3.61808
1 0.999626 -0.710212 -3.69679
1 0.979981 -0.53597 -3.79289
1 0.947028 -0.360436 -3.9043
1 0.900899 -0.185107 -4.0286
1 0.841863 -0.0114681 -4.16311
1 0.770322 0.159021 -4.30491
1 0.686812 0.324937 -4.45093
1 0.591992 0.48491 -4.59802
1 0.486644 0.637633 -4.74298
1 0.371661 0.781874 -4.88268
1 0.248042 0.916492 -5.0141
1 0.11688 1.04044 -5.13439
1 -0.0206456 1.15278 -5.24095
1 -0.163282 1.25268 -5.33147
1 -0.309714 1.33946 -5.40399
1 -0.458578 1.41253 -5.45694
1 -0.608473 1.47146 -5.48918
1 -0.757975 1.51595 -5.5
1 -0.905652 1.54584 -5.48918
1 -1.05007 1.56112 -5.45694
1 -1.18983 1.56189 -5.40399
1 -1.32354 1.54843 -5.33147
1 -1.44987 1.52112 -5.24095
1 -1.56755 1.4805 -5.13439
1 -1.67538 1.4272 -5.0141
1 -1.77222 1.362 -4.88268
1 -1.85705 1.28579 -4.74298
1 -1.92894 1.19952 -4.59802
1 -1.98709 1.10429 -4.45093
1 -2.03079 1.00124 -4.30491
1 -2.05949 0.891583 -4.16311
1 -2.07275 0.776602 -4.0286
1 -2.07027 0.657614 -3.9043
1 -2.05192 0.53597 -3.79289
1 -2.01768 0.413034 -3.69679
1 -1.96768 0.290176 -3.61808
1 -1.9022 0.168754 -3.55846
1 -1.82166 0.0501043 -3.51921
1 -1.72663 -0.0644771 -3.5012
1 -1.61777 -0.173743 -3.50482
1 -1.49592 -0.276507 -3.52997
1 -1.362 -0.371661 -3.57612
1 -1.21706 -0.458179 -3.64227
1 -1.06225 -0.53513 -3.72699
1 -0.898787 -0.601689 -3.82844
1 -0.728003 -0.657145 -3.94443
1 -0.551275 -0.700903 -4.07244
1 -0.370042 -0.732497 -4.20972
1 -0.185781 -0.751589 -4.35327
