1 3.0319 0 0
1 3.02825 0.148768 0
1 3.0173 0.297178 0
1 2.99909 0.444872 0
1 2.97364 0.591495 0
1 2.94104 0.736692 0
1 2.90135 0.880115 0
1 2.85467 1.02142 0
1 2.80111 1.16026 0
1 2.74081 1.29631 0
1 2.6739 1.42923 0
1 2.60055 1.55871 0
1 2.52093 1.68443 0
1 2.43525 1.8061 0
1 2.34369 1.92342 0
1 2.24649 2.0361 0
1 2.14388 2.14388 0
1 2.0361 2.24649 0
1 1.92342 2.34369 0
1 1.8061 2.43525 0
1 1.68443 2.52093 0
1 1.55871 2.60055 0
1 1.42923 2.6739 0
1 1.29631 2.74081 0
1 1.16026 2.80111 0
1 1.02142 2.85467 0
1 0.880115 2.90135 0
1 0.736692 2.94104 0
1 0.591495 2.97364 0
1 0.444872 2.99909 0
1 0.297178 3.0173 0
1 0.148768 3.02825 0
1 5.44195e-09 3.0319 0
1 -0.148768 3.02825 0
1 -0.297178 3.0173 0
1 -0.444872 2.99909 0
1 -0.591495 2.97364 0
1 -0.736692 2.94104 0
1 -0.880115 2.90135 0
1 -1.02142 2.85467 0
1 -1.16026 2.80111 0
1 -1.2963 2.74081 0
1 -1.42923 2.6739 0
1 -1.55871 2.60055 0
1 -1.68443 2.52093 0
1 -1.8061 2.43525 0
1 -1.92342 2.34369 0
1 -2.0361 2.24649 0
1 -2.14388 2.14388 0
1 -2.24649 2.0361 0
1 -2.34369 1.92342 0
1 -2.43525 1.8061 0
1 -2.52093 1.68443 0
1 -2.60055 1.55871 0
1 -2.6739 1.42923 0
1 -2.74081 1.29631 0
1 -2.80111 1.16026 0
1 -2.85467 1.02142 0
1 -2.90135 0.880115 0
1 -2.94104 0.736692 0
1 -2.97364 0.591495 0
1 -2.99909 0.444872 0
1 -3.0173 0.297178 0
1 -3.02825 0.148768 0
1 -3.0319 1.08839e-08 0
1 -3.02825 -0.148768 0
1 -3.0173 -0.297178 0
1 -2.99909 -0.444872 0
1 -2.97364 -0.591495 0
1 -2.94104 -0.736692 0
1 -2.90135 -0.880115 0
1 -2.85467 -1.02142 0
1 -2.80111 -1.16026 0
1 -2.74081 -1.2963 0
1 -2.6739 -1.42923 0
1 -2.60055 -1.55871 0
1 -2.52093 -1.68443 0
1 -2.43525 -1.8061 0
1 -2.34369 -1.92342 0
1 -2.24649 -2.0361 0
1 -2.14388 -2.14388 0
1 -2.0361 -2.24649 0
1 -1.92342 -2.34369 0
1 -1.8061 -2.43525 0
1 -1.68443 -2.52093 0
1 -1.55871 -2.60055 0
1 -1.42923 -2.6739 0
1 -1.29631 -2.74081 0
1 -1.16026 -2.80111 0
1 -1.02142 -2.85467 0
1 -0.880115 -2.90135 0
1 -0.736692 -2.94104 0
1 -0.591495 -2.97364 0
1 -0.444872 -2.99909 0
1 -0.297178 -3.0173 0
1 -0.148768 -3.02825 0
1 -1.63258e-08 -3.0319 0
1 0.148768 -3.02825 0
1 0.297178 -3.0173 0
1 0.444872 -2.99909 0
1 0.591495 -2.97364 0
1 0.736692 -2.94104 0
1 0.880115 -2.90135 0
1 1.02142 -2.85467 0
1 1.16026 -2.80111 0
1 1.2963 -2.74081 0
1 1.42923 -2.6739 0
1 1.55871 -2.60055 0
1 1.68443 -2.52093 0
1 1.8061 -2.43525 0
1 1.92342 -2.34369 0
1 2.0361 -2.24649 0
1 2.14388 -2.14388 0
1 2.24649 -2.0361 0
1 2.34369 -1.92342 0
1 2.43525 -1.8061 0
1 2.52093 -1.68443 0
1 2.60055 -1.55871 0
1 2.6739 -1.42923 0
1 2.74081 -1.29631 0
1 2.80111 -1.16026 0
1 2.85467 -1.02142 0
1 2.90135 -0.880115 0
1 2.94104 -0.736692 0
1 2.97364 -0.591495 0
1 2.99909 -0.444872 0
1 3.0173 -0.297178 0
1 3.02825 -0.148768 0
1 0 -2.5 3.0319
1 0 -2.35123 3.02825
1 0 -2.20282 3.0173
1 0 -2.05513 2.99909
1 0 -1.9085 2.97364
1 0 -1.76331 2.94104
1 0 -1.61989 2.90135
1 0 -1.47858 2.85467
1 0 -1.33974 2.80111
1 0 -1.20369 2.74081
1 0 -1.07077 2.6739
1 0 -0.94129 2.60055
1 0 -0.81557 2.52093
1 0 -0.6939 2.43525
1 0 -0.57658 2.34369
1 0 -0.4639 2.24649
1 0 -0.35612 2.14388
1 0 -0.25351 2.0361
1 0 -0.15631 1.92342
1 0 -0.06475 1.8061
1 0 0.02093 1.68443
1 0 0.10055 1.55871
1 0 0.1739 1.42923
1 0 0.24081 1.29631
1 0 0.30111 1.16026
1 0 0.35467 1.02142
1 0 0.40135 0.880115
1 0 0.44104 0.736692
1 0 0.47364 0.591495
1 0 0.49909 0.444872
1 0 0.5173 0.297178
1 0 0.52825 0.148768
1 0 0.5319 5.44195e-09
1 0 0.52825 -0.148768
1 0 0.5173 -0.297178
1 0 0.49909 -0.444872
1 0 0.47364 -0.591495
1 0 0.44104 -0.736692
1 0 0.40135 -0.880115
1 0 0.35467 -1.02142
1 0 0.30111 -1.16026
1 0 0.24081 -1.2963
1 0 0.1739 -1.42923
1 0 0.10055 -1.55871
1 0 0.02093 -1.68443
1 0 -0.06475 -1.8061
1 0 -0.15631 -1.92342
1 0 -0.25351 -2.0361
1 0 -0.35612 -2.14388
1 0 -0.4639 -2.24649
1 0 -0.57658 -2.34369
1 0 -0.6939 -2.43525
1 0 -0.81557 -2.52093
1 0 -0.94129 -2.60055
1 0 -1.07077 -2.6739
1 0 -1.20369 -2.74081
1 0 -1.33974 -2.80111
1 0 -1.47858 -2.85467
1 0 -1.61989 -2.90135
1 0 -1.76331 -2.94104
1 0 -1.9085 -2.97364
1 0 -2.05513 -2.99909
1 0 -2.20282 -3.0173
1 0 -2.35123 -3.02825
1 0 -2.5 -3.0319
1 0 -2.64877 -3.02825
1 0 -2.79718 -3.0173
1 0 -2.94487 -2.99909
1 0 -3.0915 -2.97364
1 0 -3.23669 -2.94104
1 0 -3.38011 -2.90135
1 0 -3.52142 -2.85467
1 0 -3.66026 -2.80111
1 0 -3.7963 -2.74081
1 0 -3.92923 -2.6739
1 0 -4.05871 -2.60055
1 0 -4.18443 -2.52093
1 0 -4.3061 -2.43525
1 0 -4.42342 -2.34369
1 0 -4.5361 -2.24649
1 0 -4.64388 -2.14388
1 0 -4.74649 -2.0361
1 0 -4.84369 -1.92342
1 0 -4.93525 -1.8061
1 0 -5.02093 -1.68443
1 0 -5.10055 -1.55871
1 0 -5.1739 -1.42923
1 0 -5.24081 -1.29631
1 0 -5.30111 -1.16026
1 0 -5.35467 -1.02142
1 0 -5.40135 -0.880115
1 0 -5.44104 -0.736692
1 0 -5.47364 -0.591495
1 0 -5.49909 -0.444872
1 0 -5.5173 -0.297178
1 0 -5.52825 -0.148768
1 0 -5.5319 -1.63258e-08
1 0 -5.52825 0.148768
1 0 -5.5173 0.297178
1 0 -5.49909 0.444872
1 0 -5.47364 0.591495
1 0 -5.44104 0.736692
1 0 -5.40135 0.880115
1 0 -5.35467 1.02142
1 0 -5.30111 1.16026
1 0 -5.24081 1.2963
1 0 -5.1739 1.42923
1 0 -5.10055 1.55871
1 0 -5.02093 1.68443
1 0 -4.93525 1.8061
1 0 -4.84369 1.92342
1 0 -4.74649 2.0361
1 0 -4.64388 2.14388
1 0 -4.5361 2.24649
1 0 -4.42342 2.34369
1 0 -4.3061 2.43525
1 0 -4.18443 2.52093
1 0 -4.05871 2.60055
1 0 -3.92923 2.6739
1 0 -3.79631 2.74081
1 0 -3.66026 2.80111
1 0 -3.52142 2.85467
1 0 -3.38011 2.90135
1 0 -3.23669 2.94104
1 0 -3.0915 2.97364
1 0 -2.94487 2.99909
1 0 -2.79718 3.0173
1 0 -2.64877 3.02825
